,DateTime,Open,High,Low,Close,Volume
0,2006-08-18,18.33,18.39,18.01,18.21,1066900
1,2006-08-21,18.21,18.49,18.06,18.44,1111000
2,2006-08-22,18.49,18.49,18.16,18.3,936700
3,2006-08-23,18.25,18.26,17.73,17.82,3290500
4,2006-08-24,18.09,18.17,17.49,17.89,3633600
5,2006-08-25,17.86,18.06,17.82,18.0,1815700
6,2006-08-28,18.01,18.15,17.96,18.15,1263500
7,2006-08-29,18.15,18.35,18.02,18.3,1122800
8,2006-08-30,18.3,18.5,18.19,18.29,1316100
9,2006-08-31,18.4,18.46,18.27,18.35,1328300
10,2006-09-01,18.36,18.42,18.13,18.3,806700
11,2006-09-05,18.31,18.34,18.16,18.3,1231600
12,2006-09-06,18.41,18.45,18.23,18.31,1345100
13,2006-09-07,18.31,18.47,18.124,18.34,1885700
14,2006-09-08,18.44,18.9,18.4,18.7,1604300
15,2006-09-11,18.41,19.29,18.41,19.25,1717000
16,2006-09-12,19.36,19.94,19.31,19.73,1731500
17,2006-09-13,19.7,20.57,19.64,20.54,3554100
18,2006-09-14,20.3,20.3,19.87,20.02,2033800
19,2006-09-15,20.02,20.39,19.17,19.57,3064000
20,2006-09-18,19.32,19.59,19.16,19.39,1303300
21,2006-09-19,19.32,20.09,19.3,19.6,2457400
22,2006-09-20,19.93,20.14,19.79,19.88,1591900
23,2006-09-21,19.95,19.95,19.56,19.69,1388700
24,2006-09-22,19.5,19.81,19.22,19.25,1624900
25,2006-09-25,19.25,19.82,19.12,19.77,2239100
26,2006-09-26,19.8,20.0,19.64,19.93,1677700
27,2006-09-27,19.93,20.36,19.82,20.32,1361200
28,2006-09-28,20.32,20.45,20.0,20.16,1473100
29,2006-09-29,20.09,20.28,19.8,19.81,1272900
30,2006-10-02,19.81,20.417,19.47,20.05,2041400
31,2006-10-03,20.13,20.55,19.88,20.46,2061700
32,2006-10-04,20.47,20.6,20.4,20.46,2068200
33,2006-10-05,20.49,20.6,20.22,20.43,1962100
34,2006-10-06,20.44,20.44,20.09,20.1,1409100
35,2006-10-09,20.0,20.0,19.59,19.89,1884300
36,2006-10-10,19.9,19.98,19.59,19.96,2562900
37,2006-10-11,19.96,20.36,19.9,20.33,3563600
38,2006-10-12,20.33,20.83,20.27,20.74,2423400
39,2006-10-13,20.73,20.95,20.63,20.85,1410000
40,2006-10-16,21.0,21.18,20.94,20.95,1338200
41,2006-10-17,20.95,20.97,20.46,20.9,961000
42,2006-10-18,21.0,21.0,20.43,20.56,1016600
43,2006-10-19,20.39,20.84,20.35,20.55,675300
44,2006-10-20,20.62,20.65,20.33,20.56,700300
45,2006-10-23,20.56,20.88,20.33,20.81,886900
46,2006-10-24,20.81,21.03,20.5,20.67,978500
47,2006-10-25,20.8,20.93,20.2,20.44,864300
48,2006-10-26,20.35,20.82,20.21,20.77,1299300
49,2006-10-27,20.74,20.74,19.813,20.17,1216800
50,2006-10-30,20.17,20.98,20.16,20.88,1581900
51,2006-10-31,20.98,21.18,20.9,21.08,1451400
52,2006-11-01,21.0,21.06,20.52,20.61,1059200
53,2006-11-02,20.6,20.68,20.3,20.58,826800
54,2006-11-03,20.85,21.17,20.03,20.35,1382600
55,2006-11-06,20.55,21.71,20.55,21.57,3122600
56,2006-11-07,21.54,21.96,21.3,21.6,1367800
57,2006-11-08,21.5,21.76,21.31,21.59,735700
58,2006-11-09,21.75,21.78,21.06,21.28,1132800
59,2006-11-10,21.37,21.59,21.27,21.47,915300
60,2006-11-13,21.55,21.76,21.27,21.41,1726500
61,2006-11-14,21.5,21.61,21.3,21.53,1323500
62,2006-11-15,21.69,22.97,21.64,22.15,3795200
63,2006-11-16,24.45,26.36,23.1,23.1,13407200
64,2006-11-17,23.09,23.09,21.7,22.33,3232900
65,2006-11-20,22.4,22.63,22.23,22.5,2438300
66,2006-11-21,22.42,23.59,22.42,23.4,2539300
67,2006-11-22,23.19,23.42,23.102,23.16,1775800
68,2006-11-24,23.16,23.23,23.01,23.18,492000
69,2006-11-27,22.93,23.02,22.36,22.42,1773600
70,2006-11-28,22.3,22.48,22.01,22.33,1462800
71,2006-11-29,22.48,22.7,22.2,22.42,1959200
72,2006-11-30,23.42,23.47,21.9,22.31,1825200
73,2006-12-01,22.2,22.47,21.48,21.81,1550000
74,2006-12-04,21.97,23.13,21.97,22.9,1883200
75,2006-12-05,22.99,23.25,22.45,23.01,2179300
76,2006-12-06,23.1,23.54,23.07,23.42,1783300
77,2006-12-07,23.5,23.58,23.17,23.31,2017100
78,2006-12-08,23.21,23.6,23.21,23.39,2076800
79,2006-12-11,23.4,23.71,23.33,23.68,1685500
80,2006-12-12,23.56,23.69,23.12,23.25,1690700
81,2006-12-13,22.91,23.32,22.85,23.12,1261000
82,2006-12-14,23.36,23.99,23.34,23.93,1435600
83,2006-12-15,24.0,24.05,23.8,23.98,2313600
84,2006-12-18,24.0,24.11,23.81,23.88,1051700
85,2006-12-19,23.65,23.7,23.09,23.46,2118300
86,2006-12-20,23.47,23.87,23.31,23.32,1090100
87,2006-12-21,23.32,24.05,23.32,23.57,1422400
88,2006-12-22,23.56,23.56,23.16,23.32,950600
89,2006-12-26,23.0,23.18,22.79,23.06,1056400
90,2006-12-27,23.04,23.44,22.93,23.35,899900
91,2006-12-28,23.35,23.5,23.0,23.24,1013500
92,2006-12-29,23.17,23.49,22.72,22.92,1213900
93,2007-01-03,23.08,23.47,22.76,22.84,2113300
94,2007-01-04,22.97,23.49,22.76,23.14,1828600
95,2007-01-05,23.14,23.57,22.71,23.22,1391600
96,2007-01-08,23.11,24.08,22.87,24.02,1859000
97,2007-01-09,24.12,24.72,24.05,24.5,1927000
98,2007-01-10,24.32,24.39,23.92,24.2,1412400
99,2007-01-11,24.43,26.14,24.25,25.48,2946200
100,2007-01-12,25.47,25.98,25.03,25.92,1344900
101,2007-01-16,25.98,26.09,25.79,25.89,1105600
102,2007-01-17,25.6,25.68,25.29,25.33,1233700
103,2007-01-18,25.52,25.9,25.3,25.75,1105600
104,2007-01-19,25.79,26.06,25.51,25.95,1578300
105,2007-01-22,25.95,25.98,25.19,25.71,1345500
106,2007-01-23,25.77,26.0,25.4,25.72,936700
107,2007-01-24,25.95,26.25,25.68,25.95,1276700
108,2007-01-25,25.82,26.345,25.12,25.4,1222400
109,2007-01-26,25.5,25.74,25.15,25.69,862400
110,2007-01-29,25.59,26.08,25.4678,26.01,1893900
111,2007-01-30,26.0,26.2,25.67,26.09,1529100
112,2007-01-31,25.97,26.08,25.76,25.93,2205500
113,2007-02-01,25.93,26.13,25.85,26.1,1509300
114,2007-02-02,26.13,26.33,25.86,26.0,1397200
115,2007-02-05,26.0,26.82,25.84,26.59,2147900
116,2007-02-06,26.65,26.8,26.408,26.6,1506000
117,2007-02-07,26.8,27.18,26.5,27.07,1455200
118,2007-02-08,27.0,27.49,26.85,27.42,2219900
119,2007-02-09,27.42,27.48,26.05,26.37,1951700
120,2007-02-12,26.46,26.52,26.1,26.18,892039
121,2007-02-13,26.36,26.49,26.23,26.35,1471179
122,2007-02-14,26.49,26.58,26.29,26.41,1094807
123,2007-02-15,26.46,26.72,26.0505,26.67,2061000
124,2007-02-16,26.6,26.6,26.17,26.41,1093200
125,2007-02-20,26.38,26.6,26.25,26.53,2003500
126,2007-02-21,26.45,26.93,26.36,26.9,1340000
127,2007-02-22,26.9,26.95,26.35,26.56,1346700
128,2007-02-23,26.53,26.75,26.17,26.7,1074500
129,2007-02-26,26.7,26.87,26.29,26.55,815689
130,2007-02-27,26.35,26.4,25.0,25.21,2099300
131,2007-02-28,25.15,25.36,24.13,25.01,2782000
132,2007-03-01,24.5,24.59,23.87,24.48,2913434
133,2007-03-02,24.48,24.66,24.02,24.07,1601300
134,2007-03-05,23.72,24.26,23.43,23.49,1841700
135,2007-03-06,23.9,24.22,23.582,24.09,1782800
136,2007-03-07,24.1,24.505,23.91,24.16,1309400
137,2007-03-08,24.36,24.99,24.36,24.75,1534900
138,2007-03-09,28.71,30.0,28.48,28.84,12790300
139,2007-03-12,29.5,29.95,29.32,29.81,3221800
140,2007-03-13,29.35,29.35,28.09,28.29,3818200
141,2007-03-14,28.0,30.44,27.99,30.04,6274200
142,2007-03-15,30.05,31.59,30.04,31.23,4232800
143,2007-03-16,31.24,31.2418,30.45,30.61,3084700
144,2007-03-19,31.15,31.75,30.87,31.48,2708600
145,2007-03-20,31.68,32.3,31.53,31.82,3282300
146,2007-03-21,32.05,32.88,31.84,32.4,3327600
147,2007-03-22,33.0,33.28,32.32,32.42,3658400
148,2007-03-23,32.42,33.38,32.2,33.17,3188405
149,2007-03-26,33.16,33.21,32.02,32.49,2320500
150,2007-03-27,32.15,32.36,31.8,32.06,1045800
151,2007-03-28,32.31,32.36,31.59,31.71,2292900
152,2007-03-29,32.0,32.43,31.6601,32.1,1434188
153,2007-03-30,31.8,32.1,31.05,31.28,2576142
154,2007-04-02,31.28,32.41,31.1,32.34,2105400
155,2007-04-03,32.44,33.71,32.44,33.16,2278900
156,2007-04-04,33.1,33.85,32.72,33.51,2870000
157,2007-04-05,33.57,34.14,33.09,33.86,2055500
158,2007-04-09,33.86,34.03,33.47,33.94,2096600
159,2007-04-10,33.94,34.55,33.86,34.26,2088600
160,2007-04-11,33.76,33.77,32.16,32.19,4135594
161,2007-04-12,31.95,32.59,31.68,32.55,2359497
162,2007-04-13,32.5,32.64,32.11,32.21,2140654
163,2007-04-16,32.4,32.75,31.94,32.6,1635055
164,2007-04-17,32.61,32.97,32.12,32.36,1720900
165,2007-04-18,32.11,32.39,31.9,32.11,1146925
166,2007-04-19,31.89,32.6,31.76,32.25,1024067
167,2007-04-20,32.93,32.94,32.05,32.17,1681500
168,2007-04-23,32.17,32.58,31.99,32.18,1604900
169,2007-04-24,32.18,32.53,31.9,32.27,2270940
170,2007-04-25,32.8,33.16,32.62,33.03,1782392
171,2007-04-26,32.78,33.19,32.54,32.9,1106000
172,2007-04-27,32.76,33.14,32.51,32.94,1087200
173,2007-04-30,32.69,32.7,32.19,32.2,1468400
174,2007-05-01,32.21,32.21,31.26,31.76,3080240
175,2007-05-02,31.85,32.26,31.78,32.18,1843790
176,2007-05-03,32.1,32.74,32.05,32.55,2032600
177,2007-05-04,33.28,33.28,32.34,32.75,1655787
178,2007-05-07,32.73,32.98,32.4,32.8,1390040
179,2007-05-08,32.84,33.11,32.52,33.08,1952187
180,2007-05-09,33.02,33.8,32.8,33.68,1771057
181,2007-05-10,33.67,33.9,33.1,33.5,2229197
182,2007-05-11,33.75,33.83,33.55,33.7,971375
183,2007-05-14,33.6,33.65,33.02,33.13,1198435
184,2007-05-15,33.25,33.4,32.45,32.66,2110538
185,2007-05-16,32.71,33.0,32.21,32.84,1311400
186,2007-05-17,32.83,32.83,32.32,32.44,1002717
187,2007-05-18,32.44,33.17,32.35,33.03,922800
188,2007-05-21,33.05,33.48,33.03,33.14,1221016
189,2007-05-22,33.19,33.47,33.16,33.28,1092428
190,2007-05-23,33.49,34.05,33.14,33.32,1440870
191,2007-05-24,33.4,33.58,32.85,32.89,1475600
192,2007-05-25,32.89,33.58,32.87,33.52,1504400
193,2007-05-29,33.61,34.46,33.56,34.34,1679591
194,2007-05-30,34.2,35.6,33.68,35.6,2624182
195,2007-05-31,36.15,36.15,31.49,31.5,9043011
196,2007-06-01,31.72,32.26,30.5,31.13,5200252
197,2007-06-04,31.13,32.12,30.67,31.95,3789260
198,2007-06-05,31.88,31.96,30.77,31.01,4019560
199,2007-06-06,31.02,31.25,30.63,31.08,3095935
200,2007-06-07,30.51,31.08,29.9,30.0,3020332
201,2007-06-08,30.01,30.59,29.5108,30.53,2531300
202,2007-06-11,30.44,30.55,29.92,30.36,2121500
203,2007-06-12,30.9,30.9,29.84,29.93,2623100
204,2007-06-13,30.08,30.46,29.66,30.1,3022970
205,2007-06-14,30.15,30.43,30.03,30.28,1608939
206,2007-06-15,30.58,30.9818,30.22,30.22,2545600
207,2007-06-18,30.21,30.43,29.55,29.91,1798400
208,2007-06-19,29.93,29.93,29.19,29.48,1861600
209,2007-06-20,29.73,29.85,29.25,29.32,1950700
210,2007-06-21,29.28,29.91,28.71,29.89,3043300
211,2007-06-22,29.89,30.11,29.19,29.68,8792079
212,2007-06-25,29.74,29.8,29.05,29.22,2626295
213,2007-06-26,29.32,29.75,28.9,28.9,3754189
214,2007-06-27,28.91,29.75,28.81,29.7,2985600
215,2007-06-28,29.3,30.44,29.01,30.41,2981200
216,2007-06-29,30.25,30.46,29.26,29.42,2450716
217,2007-07-02,29.69,30.47,29.69,30.3,1739600
218,2007-07-03,30.63,30.99,30.34,30.34,1338900
219,2007-07-05,30.35,30.35,29.8,30.05,2001700
220,2007-07-06,29.98,31.02,29.98,31.0,1919400
221,2007-07-09,31.1,31.1,30.35,30.5,1621570
222,2007-07-10,30.31,30.41,29.53,29.56,1492285
223,2007-07-11,29.79,29.92,29.44,29.73,1192000
224,2007-07-12,29.95,30.99,29.73,30.78,1643566
225,2007-07-13,30.85,30.85,30.3,30.49,1015122
226,2007-07-16,30.0,30.0,29.33,29.42,2069700
227,2007-07-17,29.42,29.5,29.0,29.0,1785200
228,2007-07-18,28.7,29.09,28.68,28.72,2394900
229,2007-07-19,28.83,29.1,28.8,28.96,2152300
230,2007-07-20,28.9,28.98,28.36,28.41,1276800
231,2007-07-23,28.6,28.77,28.23,28.45,1338400
232,2007-07-24,28.16,28.38,27.81,27.85,2531314
233,2007-07-25,28.0,28.19,27.77,28.1,2234267
234,2007-07-26,27.75,28.29,27.73,28.01,4247493
235,2007-07-27,28.0,28.13,27.21,27.21,2564892
236,2007-07-30,27.52,27.52,26.56,26.89,3472311
237,2007-07-31,26.89,26.95,25.78,25.86,5996961
238,2007-08-01,25.86,26.03,24.9,25.41,5148200
239,2007-08-02,25.42,26.43,25.39,26.24,3340841
240,2007-08-03,26.07,26.26,24.72,24.79,2535200
241,2007-08-06,24.91,27.19,24.84,26.91,4004601
242,2007-08-07,26.62,27.23,26.12,26.64,2943517
243,2007-08-08,26.53,26.97,25.85,26.61,4982653
244,2007-08-09,26.61,27.02,24.82,24.9,5184300
245,2007-08-10,24.78,27.23,24.01,26.0,3930000
246,2007-08-13,26.64,27.77,25.73,25.76,2180000
247,2007-08-14,24.01,25.94,23.74,23.93,2650115
248,2007-08-15,23.99,24.84,23.56,24.01,2469500
249,2007-08-16,24.17,25.03,23.0,24.54,3628410
250,2007-08-17,25.15,25.62,24.66,25.15,2322816
251,2007-08-20,25.37,26.17,25.27,25.88,1688757
252,2007-08-21,25.5,26.21,25.18,25.88,1269500
253,2007-08-22,26.45,26.77,25.94,26.52,1322000
254,2007-08-23,26.93,27.09,26.586,26.7,1393200
255,2007-08-24,26.92,27.78,26.8,27.62,1915100
256,2007-08-27,27.65,27.675,26.23,26.26,1665400
257,2007-08-28,25.95,26.4,24.99,26.3,3067900
258,2007-08-29,29.41,29.5,27.67,28.91,6483600
259,2007-08-30,28.5,29.2,28.05,28.98,2594100
260,2007-08-31,29.5,30.17,29.18,29.77,2911700
261,2007-09-04,29.79,30.33,29.31,30.08,1847200
262,2007-09-05,29.55,29.8,28.39,28.6,2680200
263,2007-09-06,28.8,29.17,28.6,28.9,1837700
264,2007-09-07,28.5,28.85,27.91,27.99,2634500
265,2007-09-10,28.25,28.6,27.85,28.22,1703200
266,2007-09-11,28.45,29.44,28.3,29.29,1891900
267,2007-09-12,29.33,30.28,29.23,29.88,2224600
268,2007-09-13,30.15,30.82,29.805,30.58,2860200
269,2007-09-14,30.0,30.21,29.36,29.65,2840400
270,2007-09-17,29.35,29.78,29.1,29.3,1640700
271,2007-09-18,29.72,31.11,29.55,30.96,2846400
272,2007-09-19,31.0,31.98,30.24,30.34,3416700
273,2007-09-20,30.49,30.84,30.12,30.73,2370300
274,2007-09-21,31.0,31.49,30.87,31.24,2559700
275,2007-09-24,31.1,31.4,30.67,30.96,1845200
276,2007-09-25,30.95,30.95,29.7,30.78,3215900
277,2007-09-26,30.9,31.6,30.82,31.48,1867100
278,2007-09-27,31.56,31.7,30.9,31.1,1663300
279,2007-09-28,31.05,31.05,29.7536,29.84,2223100
280,2007-10-01,29.6,30.02,29.54,29.87,1495900
281,2007-10-02,30.02,30.49,29.95,30.43,1450400
282,2007-10-03,30.06,30.51,29.67,30.09,1485100
283,2007-10-04,30.2,30.5,29.75,29.94,944300
284,2007-10-05,30.37,31.0,30.04,30.75,1807300
285,2007-10-08,30.6,30.77,30.0,30.13,1445500
286,2007-10-09,30.19,30.23,29.18,29.55,2024100
287,2007-10-10,29.47,29.62,29.24,29.46,1499000
288,2007-10-11,29.8,30.17,29.23,29.41,1351800
289,2007-10-12,29.41,29.77,29.18,29.72,1607533
290,2007-10-15,29.73,29.95,28.02,28.17,1893400
291,2007-10-16,28.05,28.78,27.84,28.63,2333400
292,2007-10-17,28.87,29.81,28.5,29.14,1882900
293,2007-10-18,28.84,28.92,28.15,28.65,1469900
294,2007-10-19,28.43,28.53,26.53,26.83,3647400
295,2007-10-22,26.62,27.33,26.1,26.49,4139600
296,2007-10-23,26.49,26.96,25.55,26.33,2664600
297,2007-10-24,26.26,27.82,25.8,27.52,2786500
298,2007-10-25,25.08,25.08,22.8,23.02,10192600
299,2007-10-26,23.19,24.18,22.6,23.86,3701300
300,2007-10-29,24.04,25.08,24.02,24.63,4145900
301,2007-10-30,24.4,25.0,24.29,24.48,2333800
302,2007-10-31,24.29,24.91,23.62,23.98,3067400
303,2007-11-01,23.97,23.97,22.67,22.67,3392700
304,2007-11-02,22.69,23.76,22.37,23.29,3980800
305,2007-11-05,22.72,22.95,21.57,22.19,3945652
306,2007-11-06,22.17,22.49,21.4,21.83,4086550
307,2007-11-07,21.26,21.58,20.71,20.8,3965108
308,2007-11-08,20.81,21.77,20.74,21.17,3958422
309,2007-11-09,20.85,21.11,20.54,20.78,2988100
310,2007-11-12,21.01,21.49,20.26,20.39,3222552
311,2007-11-13,20.39,21.15,20.39,21.02,3568214
312,2007-11-14,21.19,21.63,21.06,21.2,2807836
313,2007-11-15,21.16,21.16,20.21,20.42,2244620
314,2007-11-16,20.52,20.73,19.72,19.87,2981622
315,2007-11-19,19.71,19.91,19.31,19.37,1996492
316,2007-11-20,19.39,20.22,19.17,19.78,3026700
317,2007-11-21,19.34,20.89,19.31,20.4,3407800
318,2007-11-23,20.9,21.17,20.68,20.87,1665040
319,2007-11-26,21.1,21.11,20.32,20.32,2775600
320,2007-11-27,20.24,20.39,19.47,19.82,5517022
321,2007-11-28,19.93,21.01,19.84,20.86,3550800
322,2007-11-29,21.03,21.03,19.87,20.49,3774276
323,2007-11-30,19.75,20.09,18.51,18.67,7219495
324,2007-12-03,18.89,18.89,17.38,17.57,6446920
325,2007-12-04,17.43,17.53,17.17,17.32,4136320
326,2007-12-05,17.52,17.79,17.2,17.54,5559400
327,2007-12-06,17.52,18.21,17.43,18.02,4596760
328,2007-12-07,18.02,18.25,17.86,17.95,3325669
329,2007-12-10,18.04,18.08,17.9,17.94,4139122
330,2007-12-11,17.93,18.06,16.95,16.97,4431846
331,2007-12-12,17.48,17.85,17.01,17.25,3033000
332,2007-12-13,17.2,17.31,16.95,17.06,4203540
333,2007-12-14,16.98,16.98,16.7,16.72,4776816
334,2007-12-17,16.65,17.23,16.57,16.78,4000216
335,2007-12-18,16.94,16.94,15.89,16.42,3657400
336,2007-12-19,16.46,16.51,16.07,16.09,3911563
337,2007-12-20,16.24,16.29,15.69,15.98,1976900
338,2007-12-21,16.06,16.57,15.99,16.53,3970275
339,2007-12-24,16.55,16.76,16.35,16.66,804200
340,2007-12-26,16.61,16.65,15.59,15.65,2183273
341,2007-12-27,15.65,15.77,15.483,15.74,3116720
342,2007-12-28,15.86,15.97,15.35,15.77,2272274
343,2007-12-31,15.66,16.22,15.56,15.99,2367473
344,2008-01-02,16.01,16.25,15.45,15.54,3877530
345,2008-01-03,15.61,15.61,14.62,14.71,3994332
346,2008-01-04,14.5,14.5,13.71,13.97,3815888
347,2008-01-07,14.08,14.08,13.21,13.58,5313508
348,2008-01-08,13.62,13.73,13.14,13.19,4824408
349,2008-01-09,13.16,13.26,12.4,12.97,3898870
350,2008-01-10,12.91,13.45,12.61,13.17,3916401
351,2008-01-11,13.23,13.23,12.52,12.62,2602024
352,2008-01-14,12.66,13.65,12.52,13.58,5537980
353,2008-01-15,13.29,14.72,13.28,14.31,7553796
354,2008-01-16,14.3,15.025,14.13,14.49,6874027
355,2008-01-17,14.6,14.86,14.09,14.13,4270947
356,2008-01-18,14.32,14.87,14.13,14.41,2863024
357,2008-01-22,13.1,15.18,12.9,15.02,2595364
358,2008-01-23,14.25,16.25,14.25,16.22,3836748
359,2008-01-24,16.32,16.41,15.73,16.0,2925291
360,2008-01-25,16.14,16.2,15.175,15.34,2222476
361,2008-01-28,15.17,15.54,14.88,15.53,3453446
362,2008-01-29,15.69,16.04,15.47,15.86,3309566
363,2008-01-30,15.95,16.58,15.61,16.08,2106382
364,2008-01-31,15.89,17.69,15.84,17.34,2830944
365,2008-02-01,17.4,17.64,17.0,17.51,2040481
366,2008-02-04,17.5,17.52,15.92,16.13,2655092
367,2008-02-05,16.0,16.18,15.37,15.55,2144842
368,2008-02-06,15.59,16.04,15.11,15.16,1373737
369,2008-02-07,15.0,16.91,15.0,16.8,4362198
370,2008-02-08,16.77,16.86,16.1,16.49,3333195
371,2008-02-11,16.6,19.07,16.4,18.63,4786282
372,2008-02-12,18.7,19.0,17.99,18.17,3931735
373,2008-02-13,18.47,18.53,17.83,18.0,3555793
374,2008-02-14,17.97,18.09,17.25,17.41,3322722
375,2008-02-15,17.24,17.58,17.1,17.57,2056076
376,2008-02-19,17.8,17.96,17.32,17.43,1164995
377,2008-02-20,17.28,17.95,17.27,17.7,2068807
378,2008-02-21,17.87,17.88,16.66,16.81,2294856
379,2008-02-22,16.83,17.15,16.6,17.07,2614294
380,2008-02-25,17.07,17.39,16.65,17.3,2325592
381,2008-02-26,17.25,17.52,17.05,17.17,2584401
382,2008-02-27,17.1,17.8,16.96,17.7,3793550
383,2008-02-28,17.52,17.96,17.3,17.81,3024804
384,2008-02-29,17.49,17.64,16.72,16.85,3085099
385,2008-03-03,16.91,17.46,16.36,17.2,1817778
386,2008-03-04,17.01,17.45,16.79,17.38,3666980
387,2008-03-05,20.17,21.67,19.81,21.23,10401718
388,2008-03-06,21.01,21.25,19.66,20.02,6087786
389,2008-03-07,19.81,21.75,19.81,20.76,5359876
390,2008-03-10,21.02,21.08,19.58,19.7,3931233
391,2008-03-11,20.43,20.9,20.23,20.76,4016933
392,2008-03-12,20.95,22.05,20.64,21.04,2696056
393,2008-03-13,20.71,21.2,20.05,21.02,3068290
394,2008-03-14,21.23,21.41,19.86,20.4,2794050
395,2008-03-17,19.88,20.488,19.41,19.96,2480404
396,2008-03-18,20.28,21.14,20.09,21.01,2363550
397,2008-03-19,21.14,21.43,20.66,20.8,2163388
398,2008-03-20,20.82,22.01,20.82,21.8,2037872
399,2008-03-24,22.99,23.87,22.4,23.69,4101593
400,2008-03-25,23.78,23.86,23.14,23.63,2252526
401,2008-03-26,23.47,23.74,23.08,23.31,2437023
402,2008-03-27,23.46,23.7,22.95,23.01,2047912
403,2008-03-28,23.32,23.39,22.27,22.42,2008963
404,2008-03-31,22.56,22.57,21.9,22.3,2472756
405,2008-04-01,22.58,23.22,22.58,23.03,3269147
406,2008-04-02,23.22,23.55,22.82,22.97,2816192
407,2008-04-03,22.91,23.28,22.48,22.93,1539231
408,2008-04-04,23.01,23.5,22.68,23.24,1947357
409,2008-04-07,23.54,23.63,22.6,22.69,1789603
410,2008-04-08,22.73,22.73,21.7,22.1,3042055
411,2008-04-09,21.66,22.46,21.05,21.26,2991138
412,2008-04-10,21.3,21.93,20.96,21.69,3473672
413,2008-04-11,21.42,21.62,20.92,21.27,2536364
414,2008-04-14,21.25,22.15,21.15,21.82,1943712
415,2008-04-15,22.14,22.19,21.6,22.12,1716006
416,2008-04-16,22.31,22.62,21.8,22.55,1735442
417,2008-04-17,22.49,22.65,22.13,22.44,1127105
418,2008-04-18,22.78,23.59,22.78,23.25,2138430
419,2008-04-21,23.12,23.65,23.05,23.54,1355296
420,2008-04-22,23.28,23.37,22.49,22.6,1555291
421,2008-04-23,22.95,23.23,22.15,23.17,2271225
422,2008-04-24,23.47,25.2,23.42,25.0,4244484
423,2008-04-25,25.0,25.85,24.98,25.75,2275652
424,2008-04-28,26.9,27.39,26.24,26.73,4093026
425,2008-04-29,26.74,27.2,26.28,26.84,2672091
426,2008-04-30,27.04,28.25,26.75,27.03,3019398
427,2008-05-01,27.03,27.95,26.81,27.86,2876763
428,2008-05-02,27.89,28.65,27.89,28.31,3223458
429,2008-05-05,28.4,28.55,27.6,27.78,2741155
430,2008-05-06,27.4,28.03,27.37,27.9,1700026
431,2008-05-07,27.8,28.05,27.62,27.69,2271999
432,2008-05-08,28.0,28.0,27.02,27.82,1956080
433,2008-05-09,27.73,28.03,27.32,27.8,1652000
434,2008-05-12,27.62,28.49,27.62,28.43,1621359
435,2008-05-13,28.6,29.06,28.24,28.75,2080304
436,2008-05-14,29.05,29.44,28.91,29.03,1488214
437,2008-05-15,29.13,29.31,28.18,29.23,2521735
438,2008-05-16,29.33,29.33,28.14,28.61,1656713
439,2008-05-19,28.56,28.61,27.88,28.02,1027018
440,2008-05-20,27.85,27.85,27.218,27.58,1210499
441,2008-05-21,27.86,28.09,26.37,26.61,2049427
442,2008-05-22,26.6,27.41,26.42,27.02,1940924
443,2008-05-23,26.94,27.1,26.41,26.91,1731422
444,2008-05-27,27.13,28.16,26.75,27.48,1918665
445,2008-05-28,27.54,28.62,27.54,28.53,3256211
446,2008-05-29,30.33,31.63,29.75,30.66,6925802
447,2008-05-30,31.25,31.28,30.34,31.06,3505368
448,2008-06-02,31.05,31.06,30.26,30.79,2060465
449,2008-06-03,31.0,31.4,30.71,31.28,3160006
450,2008-06-04,31.04,31.54,30.96,31.44,2668902
451,2008-06-05,31.69,32.44,31.3,32.4,3959966
452,2008-06-06,32.19,32.5,30.3,30.65,3182956
453,2008-06-09,30.89,31.65,30.43,31.11,2188447
454,2008-06-10,30.91,31.0,30.09,30.66,2582169
455,2008-06-11,30.66,32.03,30.34,31.88,4401909
456,2008-06-12,32.01,33.98,32.01,33.01,5898183
457,2008-06-13,33.06,33.85,32.9015,33.82,3634986
458,2008-06-16,33.47,34.58,33.28,34.14,3482861
459,2008-06-17,34.8,34.88,33.72,34.0,2494661
460,2008-06-18,33.72,34.0,32.8,33.17,2867933
461,2008-06-19,33.1,34.46,32.67,34.46,3126814
462,2008-06-20,34.26,34.26,32.75,33.04,2972115
463,2008-06-23,33.26,33.41,31.69,32.04,3729347
464,2008-06-24,31.56,32.4,30.9,31.82,2729846
465,2008-06-25,32.04,33.25,31.82,32.33,2273473
466,2008-06-26,32.0,32.0,31.1,31.33,2465813
467,2008-06-27,31.61,32.5,31.13,32.2,3185979
468,2008-06-30,31.81,32.34,30.78,31.24,2669651
469,2008-07-01,30.95,31.97,30.52,31.78,3436162
470,2008-07-02,32.0,32.97,31.91,32.14,3329743
471,2008-07-03,32.3,32.64,31.2,32.34,1256750
472,2008-07-07,32.42,33.73,31.33,32.19,3420193
473,2008-07-08,32.19,32.63,31.05,32.44,3354890
474,2008-07-09,32.58,33.3,31.8,32.45,2879944
475,2008-07-10,32.23,32.37,30.57,31.18,3924207
476,2008-07-11,30.17,30.84,29.1,30.08,4024615
477,2008-07-14,30.99,30.99,26.39,27.13,8181462
478,2008-07-15,26.71,28.14,26.03,27.5,6424019
479,2008-07-16,27.6,29.56,27.48,29.42,4508801
480,2008-07-17,29.41,30.95,29.07,30.09,4688604
481,2008-07-18,30.06,30.21,28.78,29.08,4094266
482,2008-07-21,28.96,29.7,28.55,29.03,2472871
483,2008-07-22,28.67,29.52,27.9301,29.17,3161661
484,2008-07-23,28.55,31.6,28.17,30.02,3194254
485,2008-07-24,29.88,30.31,29.01,29.16,1830784
486,2008-07-25,29.04,29.16,27.59,27.79,3122319
487,2008-07-28,27.72,28.57,27.31,28.27,2804300
488,2008-07-29,28.33,30.19,28.33,29.7,2813047
489,2008-07-30,29.88,30.75,29.4,30.49,3209629
490,2008-07-31,29.99,31.39,29.71,30.46,2305778
491,2008-08-01,30.83,31.55,30.03,31.16,2809630
492,2008-08-04,31.16,32.64,31.05,32.32,2865245
493,2008-08-05,32.65,34.37,32.3201,34.18,3929105
494,2008-08-06,33.3,33.3,31.11,32.07,5118758
495,2008-08-07,31.5,32.03,30.0,31.31,4025730
496,2008-08-08,31.4,33.07,31.4,32.96,3090216
497,2008-08-11,33.0,34.54,32.94,33.91,3541070
498,2008-08-12,33.8,34.65,33.44,33.88,3055179
499,2008-08-13,33.63,34.55,32.6,33.18,2064120
500,2008-08-14,32.6,33.94,32.6,33.33,1759730
501,2008-08-15,33.94,34.79,32.68,34.71,2523661
502,2008-08-18,34.85,34.85,33.67,33.96,1912749
503,2008-08-19,33.09,33.8,32.39,32.65,1701602
504,2008-08-20,32.8,33.02,32.05,32.54,1433668
505,2008-08-21,32.0,32.87,32.0,32.62,1316013
506,2008-08-22,32.95,33.65,32.82,33.46,1830391
507,2008-08-25,33.53,33.53,32.68,33.06,1906663
508,2008-08-26,32.56,32.6,30.21,30.72,8830042
509,2008-08-27,30.91,30.91,29.06,29.45,5566886
510,2008-08-28,29.88,30.25,29.18,29.55,3244872
511,2008-08-29,29.54,29.81,29.12,29.57,2416897
512,2008-09-02,30.03,31.25,29.86,30.22,3141342
513,2008-09-03,30.31,31.36,30.22,31.1,3389744
514,2008-09-04,30.92,31.03,30.18,30.22,2071216
515,2008-09-05,30.0,30.98,29.9,30.9,3011186
516,2008-09-08,31.18,32.93,31.18,32.7,4343280
517,2008-09-09,32.98,33.76,32.56,32.81,3884052
518,2008-09-10,33.05,33.69,31.88,32.56,3019487
519,2008-09-11,32.03,33.37,31.63,33.2,2207884
520,2008-09-12,32.51,33.0,32.1601,32.39,2054012
521,2008-09-15,31.11,33.19,31.11,31.56,2121702
522,2008-09-16,30.1,31.55,29.48,30.85,3914011
523,2008-09-17,30.39,30.82,29.21,29.22,3099069
524,2008-09-18,29.63,33.13,29.63,32.15,6366425
525,2008-09-19,33.25,35.33,31.57,31.59,3352271
526,2008-09-22,31.17,31.86,29.8,29.9,3022667
527,2008-09-23,30.06,30.6,29.4,29.4,2118988
528,2008-09-24,29.6,30.23,29.3,29.6,1666949
529,2008-09-25,29.84,30.93,29.66,30.2,1573978
530,2008-09-26,28.8,30.79,28.76,30.38,1657266
531,2008-09-29,30.18,30.56,28.29,28.68,2771218
532,2008-09-30,29.23,29.46,27.64,27.83,3051564
533,2008-10-01,27.53,28.31,27.05,27.28,3389789
534,2008-10-02,27.0,27.92,26.78,27.19,2898470
535,2008-10-03,27.77,28.13,27.125,27.24,3385729
536,2008-10-06,26.38,27.08,25.12,26.66,3340755
537,2008-10-07,26.97,26.97,23.88,23.94,4554976
538,2008-10-08,23.32,25.0,22.42,23.86,3589372
539,2008-10-09,23.71,25.0,21.9,22.17,4257569
540,2008-10-10,21.08,24.7,20.31,23.33,3731427
541,2008-10-13,24.58,25.58,23.52,25.58,2567151
542,2008-10-14,26.9,26.9,22.65,23.11,4258895
543,2008-10-15,22.53,22.53,20.05,20.05,4811166
544,2008-10-16,20.04,22.87,19.66,22.68,5624117
545,2008-10-17,22.03,23.9,21.4,22.69,3822878
546,2008-10-20,22.98,23.41,22.16,22.52,1559047
547,2008-10-21,22.5,23.77,22.2,22.87,1838108
548,2008-10-22,22.29,22.62,20.77,21.36,2742721
549,2008-10-23,21.8,21.92,19.96,20.82,3050459
550,2008-10-24,18.99,21.39,18.99,20.65,1881019
551,2008-10-27,20.45,21.54,19.72,19.75,2399081
552,2008-10-28,19.83,22.28,19.68,22.28,2317310
553,2008-10-29,22.22,23.61,21.25,22.18,2395762
554,2008-10-30,23.11,23.55,21.78,22.7,2445612
555,2008-10-31,22.66,25.24,22.6,24.43,2429774
556,2008-11-03,24.66,24.76,23.19,23.6,2234054
557,2008-11-04,24.17,24.88,24.01,24.84,1843643
558,2008-11-05,24.41,24.85,23.19,23.3,2546001
559,2008-11-06,23.08,23.08,16.89,17.31,7845540
560,2008-11-07,17.83,18.04,17.32,17.95,4314589
561,2008-11-10,18.0,18.42,16.35,16.58,4282226
562,2008-11-11,16.28,17.93,15.58,16.94,3542692
563,2008-11-12,16.87,16.91,15.79,15.79,1842760
564,2008-11-13,15.93,17.66,14.92,17.66,3212399
565,2008-11-14,17.16,17.28,15.29,15.41,2996082
566,2008-11-17,15.19,15.84,15.02,15.13,1848167
567,2008-11-18,15.24,15.97,14.93,15.69,2146216
568,2008-11-19,15.65,16.07,13.75,13.81,2518656
569,2008-11-20,13.78,15.13,13.37,13.56,3304029
570,2008-11-21,13.9,14.87,13.28,14.84,3307091
571,2008-11-24,15.64,16.03,15.0,15.99,3242412
572,2008-11-25,16.01,16.97,15.39,16.06,3654929
573,2008-11-26,15.8,17.93,15.52,17.7,3053812
574,2008-11-28,17.5,17.79,17.06,17.52,764363
575,2008-12-01,16.57,16.98,15.51,15.54,2811810
576,2008-12-02,15.77,16.43,15.27,16.07,2304940
577,2008-12-03,16.02,17.41,15.83,17.27,3570937
578,2008-12-04,17.0,18.23,16.0,16.28,5082777
579,2008-12-05,14.42,16.44,13.64,16.0,6193225
580,2008-12-08,15.99,16.71,14.88,15.45,4186269
581,2008-12-09,15.25,16.25,15.24,15.4,3541941
582,2008-12-10,15.99,16.03,14.9,15.87,2328919
583,2008-12-11,15.81,15.81,14.77,14.93,2343250
584,2008-12-12,14.78,15.55,14.38,15.47,1586749
585,2008-12-15,15.52,15.61,14.57,14.88,1887778
586,2008-12-16,15.43,15.65,14.45,15.62,2166100
587,2008-12-17,15.34,15.93,15.02,15.79,3167593
588,2008-12-18,15.89,15.97,15.4,15.56,2385788
589,2008-12-19,15.77,15.85,15.42,15.62,1807781
590,2008-12-22,15.48,15.48,14.35,14.59,2486086
591,2008-12-23,14.38,14.84,13.59,13.74,2686111
592,2008-12-24,13.9,14.3,13.51,14.25,911160
593,2008-12-26,14.33,14.33,14.0,14.19,494426
594,2008-12-29,14.26,14.55,13.45,13.65,2070126
595,2008-12-30,13.67,14.27,13.58,14.16,3867596
596,2008-12-31,14.2,14.72,14.05,14.49,2175094
597,2009-01-02,14.3,14.94,14.3,14.53,2992809
598,2009-01-05,14.56,15.51,14.22,15.22,3177955
599,2009-01-06,15.48,15.59,15.13,15.38,2551181
600,2009-01-07,15.3,15.41,14.85,15.16,2225965
601,2009-01-08,15.04,15.15,14.37,14.94,1993832
602,2009-01-09,14.94,14.94,13.97,14.1,2448932
603,2009-01-12,13.85,14.34,13.54,13.8,2643294
604,2009-01-13,13.78,14.285,13.56,14.01,2139521
605,2009-01-14,13.65,13.65,12.93,13.33,2439203
606,2009-01-15,13.28,14.84,13.0,14.3,3701678
607,2009-01-16,14.57,14.75,13.92,14.59,1986306
608,2009-01-20,14.65,14.73,13.64,13.7,1898398
609,2009-01-21,13.72,14.13,13.55,14.13,2734785
610,2009-01-22,14.02,14.33,13.3732,14.11,2410822
611,2009-01-23,13.72,14.34,13.533,14.05,944969
612,2009-01-26,14.14,14.72,13.68,13.95,1422008
613,2009-01-27,14.0,14.06,13.33,13.48,2061258
614,2009-01-28,13.745,14.39,13.6701,14.05,1652186
615,2009-01-29,13.85,14.16,13.41,13.44,1005971
616,2009-01-30,13.6,13.83,13.22,13.45,2949860
617,2009-02-02,13.24,13.6,12.62,12.99,4127946
618,2009-02-03,13.07,14.18,13.0,13.96,4095191
619,2009-02-04,13.95,13.95,13.19,13.57,3559108
620,2009-02-05,13.6,14.37,13.3426,13.74,3773902
621,2009-02-06,13.95,14.42,13.9,14.25,2119642
622,2009-02-09,14.62,15.36,14.42,15.21,2730451
623,2009-02-10,15.07,15.755,14.94,15.23,4649152
624,2009-02-11,15.5,15.56,14.86,15.32,2446796
625,2009-02-12,15.3,15.39,14.75,15.33,2415907
626,2009-02-13,15.24,15.34,14.55,14.7,1888268
627,2009-02-17,14.4,14.6,13.81,14.32,2255120
628,2009-02-18,14.42,14.51,13.975,14.16,2152507
629,2009-02-19,14.35,14.85,14.17,14.47,2122484
630,2009-02-20,14.17,14.59,13.72,14.14,2956772
631,2009-02-23,14.3,14.55,13.73,13.8,1297494
632,2009-02-24,13.93,14.76,13.85,14.62,3234990
633,2009-02-25,14.34,15.45,14.34,15.18,4691529
634,2009-02-26,15.17,15.6,15.01,15.05,2066894
635,2009-02-27,14.8,15.78,14.58,15.51,2511052
636,2009-03-02,15.39,15.72,14.71,14.75,2608151
637,2009-03-03,14.97,15.05,13.8305,14.54,4236121
638,2009-03-04,16.72,17.77,16.41,17.15,10114054
639,2009-03-05,17.12,18.1,16.8,17.04,5588037
640,2009-03-06,17.43,17.7,17.04,17.51,4820718
641,2009-03-09,17.6,18.84,17.0,17.71,5341273
642,2009-03-10,17.99,19.05,17.77,18.58,6828513
643,2009-03-11,19.78,20.94,19.48,19.81,7143278
644,2009-03-12,19.65,20.15,19.59,20.06,4740983
645,2009-03-13,20.0,20.62,19.8,20.13,4042847
646,2009-03-16,20.37,20.59,19.45,19.61,3863467
647,2009-03-17,19.6,20.49,19.51,20.48,2925703
648,2009-03-18,20.26,21.2,19.9,20.9,3302591
649,2009-03-19,20.83,21.0,20.34,20.58,3121194
650,2009-03-20,20.57,20.57,19.29,19.68,3086304
651,2009-03-23,20.21,20.96,19.729,20.95,2728209
652,2009-03-24,20.69,20.97,20.32,20.58,2708761
653,2009-03-25,20.8,21.63,20.34,21.02,2653275
654,2009-03-26,21.28,22.46,21.1,22.12,3272691
655,2009-03-27,21.67,22.1,21.43,21.62,1156802
656,2009-03-30,21.06,21.2,20.5501,21.17,1224778
657,2009-03-31,21.21,21.36,20.34,20.78,1554673
658,2009-04-01,20.38,21.16,20.1,21.06,2118720
659,2009-04-02,21.52,22.83,21.44,22.11,2495996
660,2009-04-03,21.8,22.53,21.76,22.35,2314208
661,2009-04-06,22.22,22.25,21.36,21.79,1928454
662,2009-04-07,21.55,21.73,21.08,21.37,1320510
663,2009-04-08,21.44,22.9,21.44,22.83,2685752
664,2009-04-09,23.25,24.31,22.76,24.2,3318885
665,2009-04-13,23.72,24.3,23.21,24.02,2997015
666,2009-04-14,23.97,24.82,23.26,24.07,3394645
667,2009-04-15,23.97,24.61,23.77,24.41,2752723
668,2009-04-16,24.55,25.83,24.55,25.53,2366219
669,2009-04-17,25.57,26.03,25.4,25.92,1576671
670,2009-04-20,25.84,26.52,25.29,25.53,3122175
671,2009-04-21,25.47,26.03,25.0,25.97,2083673
672,2009-04-22,25.48,27.41,25.29,26.45,2389876
673,2009-04-23,26.7,27.2,25.25,25.92,4034015
674,2009-04-24,26.02,27.01,26.01,26.81,2492997
675,2009-04-27,26.63,27.13,26.0,26.55,2471804
676,2009-04-28,26.3,27.3,26.3,26.85,2599114
677,2009-04-29,27.06,27.4,26.44,26.68,3312163
678,2009-04-30,27.04,28.36,26.8,27.64,2671429
679,2009-05-01,27.78,27.98,26.91,27.09,1446596
680,2009-05-04,27.78,28.5,27.35,28.35,1920089
681,2009-05-05,27.87,28.47,27.35,27.6,2163082
682,2009-05-06,27.88,27.94,26.53,27.0,1951736
683,2009-05-07,26.95,27.93,25.03,25.57,3877469
684,2009-05-08,25.52,26.23,24.67,25.5,2130393
685,2009-05-11,24.95,26.19,24.55,25.63,1960289
686,2009-05-12,25.52,26.12,24.3,24.68,2112190
687,2009-05-13,24.25,24.51,23.88,23.99,1940278
688,2009-05-14,24.03,24.77,23.84,24.08,1907229
689,2009-05-15,24.02,24.77,23.85,24.28,1716149
690,2009-05-18,24.5,24.693,24.1,24.65,1558904
691,2009-05-19,24.5,25.15,24.33,24.64,1377751
692,2009-05-20,24.87,25.75,24.59,24.75,2175142
693,2009-05-21,24.67,24.89,23.9,24.14,1327332
694,2009-05-22,24.27,24.48,23.56,23.98,1633414
695,2009-05-26,23.73,25.53,23.31,25.28,2771344
696,2009-05-27,23.64,24.17,23.26,23.65,6387325
697,2009-05-28,24.87,24.87,22.23,22.29,6279195
698,2009-05-29,23.09,23.1,22.03,23.01,4164539
699,2009-06-01,23.3,24.1,23.13,23.77,2330085
700,2009-06-02,23.98,24.34,23.51,24.06,2645118
701,2009-06-03,23.93,24.21,23.45,24.04,1944283
702,2009-06-04,24.05,24.13,22.96,23.62,2502136
703,2009-06-05,23.83,24.025,23.28,23.72,2460895
704,2009-06-08,23.64,24.37,23.31,24.1,2389228
705,2009-06-09,24.25,24.64,23.96,24.23,2421879
706,2009-06-10,24.7,25.0,23.31,23.81,2643226
707,2009-06-11,23.8,23.92,22.73,22.79,2862805
708,2009-06-12,22.8,22.8,22.14,22.68,1492366
709,2009-06-15,22.45,22.6,22.12,22.52,1616242
710,2009-06-16,22.47,22.53,21.83,21.88,2303280
711,2009-06-17,21.79,21.79,20.81,21.41,3226000
712,2009-06-18,21.5,21.5,20.67,20.75,2864760
713,2009-06-19,20.89,21.1,20.14,20.24,4372898
714,2009-06-22,20.3,20.85,19.95,20.57,2928348
715,2009-06-23,20.66,20.66,19.92,20.11,3072789
716,2009-06-24,20.28,20.61,19.87,20.03,2983523
717,2009-06-25,20.52,21.15,20.17,20.93,3848651
718,2009-06-26,20.81,21.35,20.74,21.16,3480967
719,2009-06-29,21.28,21.4,20.87,21.14,1937359
720,2009-06-30,21.1,21.38,20.83,21.03,1913516
721,2009-07-01,21.31,21.44,20.98,21.06,1774092
722,2009-07-02,20.83,20.95,20.31,20.32,1749603
723,2009-07-06,20.24,20.47,19.6,20.0,2204451
724,2009-07-07,19.96,20.01,19.77,19.79,2089850
725,2009-07-08,20.15,20.45,19.95,20.42,2702673
726,2009-07-09,20.7,20.7,19.83,19.99,2096191
727,2009-07-10,19.86,20.17,19.49,19.76,1453995
728,2009-07-13,19.92,20.52,19.53,20.44,2896573
729,2009-07-14,20.3,20.79,20.07,20.73,1799731
730,2009-07-15,20.89,21.1,20.55,20.89,1350303
731,2009-07-16,20.78,21.2,20.59,21.13,919793
732,2009-07-17,21.05,21.79,21.0,21.6,1740635
733,2009-07-20,21.6,22.08,21.52,22.05,1507743
734,2009-07-21,22.09,22.09,21.36,21.59,2247512
735,2009-07-22,21.5,22.26,21.43,22.09,1931725
736,2009-07-23,22.21,23.28,21.84,23.11,2620376
737,2009-07-24,22.97,23.08,22.4,22.82,1557747
738,2009-07-27,22.73,22.79,22.3,22.79,1527376
739,2009-07-28,22.69,23.05,22.66,23.02,1183936
740,2009-07-29,22.85,23.4,22.71,23.07,1449238
741,2009-07-30,23.44,23.58,22.96,23.0,1774806
742,2009-07-31,23.0,23.32,22.8401,23.04,2241453
743,2009-08-03,23.08,23.14,22.84,23.07,2081307
744,2009-08-04,22.87,23.3,22.8,23.0,1831809
745,2009-08-05,22.95,23.7,22.95,23.63,2759597
746,2009-08-06,23.63,24.69,23.51,23.89,3091756
747,2009-08-07,24.24,24.92,24.11,24.76,1859423
748,2009-08-10,24.8,24.88,24.2179,24.38,2051428
749,2009-08-11,24.3,24.51,24.06,24.3,1018170
750,2009-08-12,24.32,24.49,23.84,23.95,1604657
751,2009-08-13,24.1,24.26,23.34,23.64,1708351
752,2009-08-14,23.66,23.76,23.11,23.29,1353974
753,2009-08-17,22.95,22.95,22.47,22.53,2124658
754,2009-08-18,22.64,23.39,22.64,23.15,1315089
755,2009-08-19,22.97,23.37,22.75,23.21,1800930
756,2009-08-20,23.16,23.21,22.75,23.0,1913842
757,2009-08-21,23.1,23.94,23.1,23.81,1568559
758,2009-08-24,23.91,24.25,23.82,24.03,3058555
759,2009-08-25,25.38,26.7,25.23,25.6,7042494
760,2009-08-26,25.69,26.76,25.52,26.37,3591395
761,2009-08-27,26.62,26.62,25.71,25.75,2169312
762,2009-08-28,26.01,26.08,25.51,25.79,1524448
763,2009-08-31,25.54,25.88,25.35,25.42,1535703
764,2009-09-01,25.48,25.92,24.86,24.92,1626291
765,2009-09-02,24.835,24.98,24.305,24.57,1499486
766,2009-09-03,24.75,24.92,24.2784,24.75,1676537
767,2009-09-04,24.63,24.86,24.47,24.81,1172805
768,2009-09-08,25.05,25.33,24.92,25.04,1337427
769,2009-09-09,25.04,25.73,24.95,25.66,1789849
770,2009-09-10,25.63,26.0,25.36,25.93,1224904
771,2009-09-11,25.98,26.0,25.54,25.76,1552194
772,2009-09-14,25.51,25.7,25.341,25.55,938477
773,2009-09-15,25.51,25.6,24.93,25.08,1284359
774,2009-09-16,25.14,25.23,24.86,25.03,1110227
775,2009-09-17,25.0,25.19,24.72,24.92,1039338
776,2009-09-18,25.18,25.26,24.82,25.02,885800
777,2009-09-21,24.76,25.23,24.56,25.16,1175033
778,2009-09-22,25.32,25.58,25.01,25.18,1619050
779,2009-09-23,25.2,25.38,24.45,24.46,1046767
780,2009-09-24,24.55,24.55,23.41,23.76,1474737
781,2009-09-25,23.62,23.82,23.3,23.8,1635511
782,2009-09-28,23.97,24.2,23.81,24.12,1329557
783,2009-09-29,24.12,24.56,24.025,24.43,2075881
784,2009-09-30,24.59,25.2,24.43,25.02,2535930
785,2009-10-01,25.93,25.93,25.12,25.55,3226599
786,2009-10-02,25.33,25.48,24.81,24.83,1812123
787,2009-10-05,24.81,25.42,24.71,25.42,1486808
788,2009-10-06,25.64,26.47,25.41,26.42,1802982
789,2009-10-07,26.09,26.47,26.06,26.39,1517951
790,2009-10-08,26.63,26.72,26.295,26.63,1957780
791,2009-10-09,26.56,26.62,26.02,26.34,1299080
792,2009-10-12,26.42,26.67,25.81,26.01,973070
793,2009-10-13,26.03,26.36,25.8,26.24,1349833
794,2009-10-14,26.42,26.67,26.15,26.63,1771399
795,2009-10-15,26.6,27.45,26.6,27.42,2000083
796,2009-10-16,27.02,27.37,26.77,27.09,1642206
797,2009-10-19,27.19,28.18,27.16,27.78,1639730
798,2009-10-20,27.88,27.95,27.34,27.52,1619341
799,2009-10-21,27.38,27.63,26.6,26.62,1824723
800,2009-10-22,26.68,26.9,26.37,26.72,1984914
801,2009-10-23,26.72,26.89,26.14,26.19,904017
802,2009-10-26,26.25,26.9,26.17,26.4,1287140
803,2009-10-27,26.54,26.54,25.83,26.0,767492
804,2009-10-28,25.96,26.21,25.14,25.26,1332575
805,2009-10-29,25.5,25.87,25.36,25.84,1035710
806,2009-10-30,25.75,25.905,25.0375,25.05,1411795
807,2009-11-02,25.25,25.63,24.96,25.23,1564864
808,2009-11-03,25.09,25.46,24.82,25.13,1199385
809,2009-11-04,25.29,25.47,24.75,24.81,1468819
810,2009-11-05,25.19,25.98,24.54,25.4,1452491
811,2009-11-06,25.18,25.47,24.75,25.07,1057520
812,2009-11-09,25.19,25.93,25.15,25.86,1849550
813,2009-11-10,25.64,25.88,25.19,25.6,1448704
814,2009-11-11,25.81,26.09,25.52,25.8,1127165
815,2009-11-12,25.81,25.99,25.25,25.28,763115
816,2009-11-13,25.32,25.64,25.12,25.5,986450
817,2009-11-16,25.72,25.99,25.54,25.86,1322947
818,2009-11-17,25.86,25.86,25.17,25.28,1292375
819,2009-11-18,25.24,25.42,25.12,25.3,1110114
820,2009-11-19,25.19,25.27,24.65,24.72,1276193
821,2009-11-20,24.57,24.73,24.04,24.15,1645827
822,2009-11-23,24.34,24.62,23.851,24.04,2407430
823,2009-11-24,24.06,24.29,23.89,24.06,2332051
824,2009-11-25,24.22,24.27,24.02,24.2,1521770
825,2009-11-27,23.35,24.16,23.35,24.01,928344
826,2009-11-30,23.98,24.13,23.04,23.06,2898717
827,2009-12-01,23.25,23.63,23.19,23.46,2024886
828,2009-12-02,23.53,24.23,23.52,23.91,2543353
829,2009-12-03,24.24,24.24,23.49,23.54,2704730
830,2009-12-04,26.87,28.08,26.74,28.08,11438501
831,2009-12-07,28.41,28.64,27.5,28.16,3652709
832,2009-12-08,28.04,28.69,27.72,28.62,3102360
833,2009-12-09,28.53,28.57,28.15,28.43,1929225
834,2009-12-10,28.58,28.93,28.28,28.34,2357678
835,2009-12-11,28.49,28.8,28.28,28.75,2043252
836,2009-12-14,28.88,29.06,28.55,28.99,1952356
837,2009-12-15,28.99,29.41,28.71,29.28,2387479
838,2009-12-16,29.39,29.47,29.15,29.23,1753732
839,2009-12-17,29.24,29.33,28.8,28.86,1493611
840,2009-12-18,29.17,29.545,28.78,29.36,2376990
841,2009-12-21,29.36,29.68,29.28,29.53,1630513
842,2009-12-22,29.62,29.62,29.08,29.31,1628860
843,2009-12-23,29.31,29.55,28.98,29.18,1112978
844,2009-12-24,29.23,29.43,29.025,29.32,264564
845,2009-12-28,29.39,29.51,28.86,29.05,1001889
846,2009-12-29,29.19,29.48,29.06,29.4,1825382
847,2009-12-30,29.25,29.53,29.0,29.31,1046940
848,2009-12-31,29.43,29.75,28.98,28.98,1046408
849,2010-01-04,29.38,29.51,28.6,28.96,1941831
850,2010-01-05,28.95,28.99,28.64,28.96,1381800
851,2010-01-06,28.75,29.35,28.64,29.34,1676783
852,2010-01-07,29.63,29.82,29.2,29.67,2100421
853,2010-01-08,29.54,29.97,29.49,29.85,1525811
854,2010-01-11,29.88,30.0,29.54,29.69,1146894
855,2010-01-12,29.85,30.59,29.181,30.21,2679503
856,2010-01-13,30.84,31.21,30.37,31.17,2266012
857,2010-01-14,31.12,31.19,30.5,30.73,1542442
858,2010-01-15,30.94,31.32,30.79,31.02,1796219
859,2010-01-19,31.0,31.39,30.79,30.99,1359694
860,2010-01-20,29.71,30.145,29.5,30.1,2568013
861,2010-01-21,30.23,30.5,29.92,30.1,1857649
862,2010-01-22,30.0,30.3399,29.5,29.59,1838584
863,2010-01-25,29.93,30.02,29.53,29.59,1039371
864,2010-01-26,29.57,29.99,29.35,29.82,1158476
865,2010-01-27,29.84,29.87,28.8,29.22,1379159
866,2010-01-28,29.28,29.41,28.78,29.06,785288
867,2010-01-29,29.13,29.22,28.39,28.41,1291807
868,2010-02-01,28.69,28.89,28.51,28.85,789452
869,2010-02-02,28.96,29.43,28.87,29.29,1017392
870,2010-02-03,29.08,29.39,29.02,29.21,750544
871,2010-02-04,29.07,30.04,29.0,29.66,1989943
872,2010-02-05,29.67,29.76,29.02,29.48,1225409
873,2010-02-08,29.53,29.81,29.19,29.2,745542
874,2010-02-09,29.47,29.9,29.24,29.77,746627
875,2010-02-10,29.83,29.95,29.53,29.67,1441751
876,2010-02-11,29.7,30.33,29.4,30.28,682351
877,2010-02-12,29.99,30.66,29.84,30.61,964937
878,2010-02-16,30.77,31.14,30.66,31.0,787738
879,2010-02-17,31.05,31.13,30.86,31.08,1049192
880,2010-02-18,31.1,31.35,30.9,31.28,768935
881,2010-02-19,31.18,31.45,31.09,31.36,773827
882,2010-02-22,31.46,31.6,31.08,31.31,855175
883,2010-02-23,31.21,31.4,30.88,31.33,1449335
884,2010-02-24,31.46,31.82,31.3,31.78,1048848
885,2010-02-25,31.61,32.92,31.4,32.9,2544140
886,2010-02-26,32.99,33.82,32.9,33.5,2528427
887,2010-03-01,34.02,34.42,33.75,34.25,1704101
888,2010-03-02,34.44,34.55,33.71,33.94,2703110
889,2010-03-03,34.99,35.56,34.38,34.57,4442997
890,2010-03-04,34.65,35.73,34.42,35.66,2424436
891,2010-03-05,35.74,36.39,35.49,36.09,1872885
892,2010-03-08,35.95,36.25,35.83,35.98,1371194
893,2010-03-09,35.88,36.34,35.68,35.97,1378512
894,2010-03-10,35.91,36.05,35.69,35.88,1256473
895,2010-03-11,35.76,35.88,35.09,35.88,1328266
896,2010-03-12,35.89,35.96,35.49,35.87,799740
897,2010-03-15,35.89,36.02,35.51,35.99,993367
898,2010-03-16,35.81,36.58,35.81,36.54,1437177
899,2010-03-17,36.65,37.29,36.2,37.1,1573277
900,2010-03-18,36.995,37.05,36.65,36.97,897687
901,2010-03-19,36.97,37.0,36.21,36.7,1033337
902,2010-03-22,36.21,37.7387,35.81,37.65,1379454
903,2010-03-23,37.78,37.95,37.3106,37.91,1131738
904,2010-03-24,37.78,37.87,37.1,37.24,931368
905,2010-03-25,37.4,37.81,37.33,37.36,854121
906,2010-03-26,37.53,37.99,37.37,37.51,1097667
907,2010-03-29,37.65,37.82,36.8352,37.32,1206755
908,2010-03-30,37.33,37.65,36.93,37.37,723123
909,2010-03-31,37.18,37.18,36.35,36.42,1207432
910,2010-04-01,36.52,37.03,36.4,36.82,1318351
911,2010-04-05,36.88,37.28,36.74,37.28,1328435
912,2010-04-06,37.2,37.54,37.2,37.43,1726562
913,2010-04-07,37.56,38.9,37.51,38.71,3450274
914,2010-04-08,38.75,38.97,38.32,38.91,1809359
915,2010-04-09,38.87,39.37,38.4,39.22,1779029
916,2010-04-12,39.32,39.49,38.64,38.67,1633414
917,2010-04-13,38.6,38.92,38.39,38.77,1692066
918,2010-04-14,39.1,40.05,39.04,39.96,2486858
919,2010-04-15,39.99,40.05,39.48,39.72,1179793
920,2010-04-16,39.64,39.68,39.26,39.59,1830584
921,2010-04-19,39.44,39.5,38.2,38.88,1762961
922,2010-04-20,39.63,39.85,39.04,39.33,1402479
923,2010-04-21,39.23,39.37,38.75,39.23,1422086
924,2010-04-22,39.13,40.53,38.77,40.42,1349775
925,2010-04-23,40.53,41.19,40.25,41.14,1216415
926,2010-04-26,41.42,41.42,40.78,40.87,1196731
927,2010-04-27,40.61,40.65,39.4732,39.56,1190287
928,2010-04-28,39.56,39.83,38.54,38.88,1681451
929,2010-04-29,39.16,39.24,38.79,39.03,1404748
930,2010-04-30,39.18,39.57,38.03,38.2,1352133
931,2010-05-03,38.35,38.92,37.93,38.3,1674833
932,2010-05-04,37.8,37.93,36.85,37.64,2019606
933,2010-05-05,37.35,38.33,37.15,37.48,1647347
934,2010-05-06,36.35,36.53,34.0,35.56,3987933
935,2010-05-07,35.5,36.5,34.49,34.91,2708896
936,2010-05-10,36.94,37.53,36.38,36.88,1609739
937,2010-05-11,36.46,37.22,36.13,36.69,1532557
938,2010-05-12,36.82,37.41,36.66,37.3,1211551
939,2010-05-13,37.3,37.425,36.25,36.35,1289577
940,2010-05-14,36.06,36.44,35.86,36.09,1132742
941,2010-05-17,36.06,36.91,35.77,36.76,1451833
942,2010-05-18,37.04,37.27,35.89,35.99,1000991
943,2010-05-19,35.93,36.26,35.38,36.05,1468717
944,2010-05-20,35.26,35.75,34.7101,34.91,1602020
945,2010-05-21,34.11,36.47,34.03,36.27,1963168
946,2010-05-24,36.35,36.83,35.94,35.99,1543180
947,2010-05-25,35.02,36.18,34.89,36.1,2186003
948,2010-05-26,36.66,36.94,35.75,35.87,1821484
949,2010-05-27,37.0,37.44,34.42,36.04,4626379
950,2010-05-28,36.04,36.48,35.0,35.33,2546169
951,2010-06-01,35.0,35.78,34.76,34.76,2109621
952,2010-06-02,35.01,35.27,34.64,35.25,1832648
953,2010-06-03,35.25,35.65,34.76,35.21,1688475
954,2010-06-04,34.45,34.91,34.09,34.22,1735352
955,2010-06-07,34.19,34.46,32.7,32.79,2192880
956,2010-06-08,32.78,33.11,32.16,33.06,1990058
957,2010-06-09,33.22,33.64,32.64,32.81,1725528
958,2010-06-10,33.16,33.85,33.09,33.79,1374266
959,2010-06-11,33.49,33.97,33.23,33.65,1328486
960,2010-06-14,33.85,34.49,33.74,34.26,1557806
961,2010-06-15,34.45,35.34,34.32,35.17,1808917
962,2010-06-16,35.01,35.13,34.57,34.87,1342920
963,2010-06-17,35.02,35.13,34.45,34.85,1529227
964,2010-06-18,34.9,35.32,34.3,34.56,3614286
965,2010-06-21,35.0,35.1,34.05,34.3,1869066
966,2010-06-22,33.12,33.57,31.27,31.56,6166381
967,2010-06-23,31.8,33.1,31.71,32.83,2746448
968,2010-06-24,32.67,32.69,32.06,32.3,2328088
969,2010-06-25,32.28,32.53,31.9,32.4,3444437
970,2010-06-28,32.56,33.09,32.12,32.89,2342066
971,2010-06-29,32.35,33.24,32.13,32.49,3292243
972,2010-06-30,32.51,32.97,32.01,32.09,2198527
973,2010-07-01,32.21,32.98,31.72,32.7,1697655
974,2010-07-02,32.94,33.6,32.48,32.77,1638591
975,2010-07-06,33.0,33.53,32.3142,32.76,1383619
976,2010-07-07,32.55,33.42,32.51,33.4,1993839
977,2010-07-08,33.66,33.66,32.68,33.02,2028281
978,2010-07-09,33.28,33.34,32.86,33.28,1242122
979,2010-07-12,33.15,33.55,33.03,33.29,986152
980,2010-07-13,33.7,34.27,33.39,34.16,1279218
981,2010-07-14,34.11,34.3,33.59,34.1,851478
982,2010-07-15,34.06,34.8001,33.65,34.72,1228643
983,2010-07-16,34.55,34.55,33.38,33.39,1300496
984,2010-07-19,33.46,33.78,33.17,33.59,876484
985,2010-07-20,33.13,34.18,33.01,34.08,864921
986,2010-07-21,34.27,34.3,33.46,33.75,1157103
987,2010-07-22,34.03,34.8,33.98,34.56,957180
988,2010-07-23,34.57,35.68,34.28,35.68,1218702
989,2010-07-26,35.78,36.29,35.46,36.16,765780
990,2010-07-27,36.41,36.48,35.47,35.67,1021039
991,2010-07-28,35.53,35.77,34.87,35.0,1154220
992,2010-07-29,35.27,35.46,33.97,34.17,1826914
993,2010-07-30,33.82,34.42,33.55,34.31,1584121
994,2010-08-02,34.83,35.25,34.58,35.07,1194857
995,2010-08-03,34.9,34.9,33.87,34.18,1288750
996,2010-08-04,34.21,34.58,33.79,34.45,1280315
997,2010-08-05,32.79,32.8,31.28,32.18,2738251
998,2010-08-06,31.98,32.11,31.44,32.11,1513037
999,2010-08-09,32.09,32.63,32.09,32.13,1147700
1000,2010-08-10,31.9,32.05,31.05,31.13,2584821
1001,2010-08-11,30.71,31.1,30.52,30.74,1604097
1002,2010-08-12,30.36,31.18,30.02,30.88,1344427
1003,2010-08-13,30.73,31.02,30.39,30.64,1207111
1004,2010-08-16,30.41,30.66,30.04,30.5,1270461
1005,2010-08-17,30.68,31.09,30.54,30.82,1336599
1006,2010-08-18,30.8,31.705,30.8,31.27,1449642
1007,2010-08-19,30.96,31.37,30.7,31.08,1574475
1008,2010-08-20,30.83,31.98,30.81,31.8,1931055
1009,2010-08-23,31.82,32.31,31.6606,31.75,2754069
1010,2010-08-24,30.94,31.47,30.5,30.86,3850219
1011,2010-08-25,30.64,30.78,30.04,30.48,2555206
1012,2010-08-26,30.76,31.02,30.3,30.35,2559934
1013,2010-08-27,30.53,31.46,30.34,31.34,1619339
1014,2010-08-30,31.25,31.56,31.01,31.01,1233453
1015,2010-08-31,30.88,31.595,30.65,31.26,1572463
1016,2010-09-01,31.52,32.16,31.49,31.99,1591347
1017,2010-09-02,32.23,33.0485,32.23,32.87,1306407
1018,2010-09-03,33.1,33.8,32.87,33.15,1321736
1019,2010-09-07,32.98,33.11,32.66,32.68,1107956
1020,2010-09-08,32.79,33.16,32.74,33.0,800751
1021,2010-09-09,33.45,33.51,32.73,32.89,836803
1022,2010-09-10,32.94,33.22,32.91,33.05,796071
1023,2010-09-13,33.33,33.43,33.03,33.17,766054
1024,2010-09-14,33.19,33.79,33.19,33.36,906688
1025,2010-09-15,33.15,33.67,33.11,33.66,1136243
1026,2010-09-16,33.52,33.75,33.24,33.62,811553
1027,2010-09-17,33.63,33.78,33.17,33.53,1430064
1028,2010-09-20,33.64,34.22,33.46,34.17,970530
1029,2010-09-21,34.18,34.18,33.5226,33.74,1220554
1030,2010-09-22,33.66,33.84,33.23,33.65,1214304
1031,2010-09-23,33.31,33.98,33.24,33.49,636724
1032,2010-09-24,34.1,34.44,33.84,34.29,856668
1033,2010-09-27,34.28,34.36,34.02,34.09,477464
1034,2010-09-28,34.1,34.55,33.67,34.44,736643
1035,2010-09-29,34.43,34.5,33.97,34.0,1385195
1036,2010-09-30,34.16,34.28,32.67,33.25,2409995
1037,2010-10-01,33.38,33.64,33.28,33.44,1040776
1038,2010-10-04,33.42,33.62,32.95,33.18,967081
1039,2010-10-05,33.5,33.572,32.93,32.94,2011878
1040,2010-10-06,33.03,33.21,32.5,32.77,1621199
1041,2010-10-07,32.96,33.04,32.47,32.93,2126816
1042,2010-10-08,32.94,33.23,32.71,33.17,1488826
1043,2010-10-11,33.19,33.9,33.0,33.55,1247817
1044,2010-10-12,33.42,34.0,33.3115,33.9,916423
1045,2010-10-13,33.7,33.73,32.64,32.93,2784299
1046,2010-10-14,32.85,33.055,32.51,32.94,1595366
1047,2010-10-15,33.2,33.28,32.74,33.12,1488420
1048,2010-10-18,33.13,33.49,33.01,33.4,1079347
1049,2010-10-19,33.1,33.75,32.91,33.28,2062396
1050,2010-10-20,33.42,33.58,33.14,33.31,1031022
1051,2010-10-21,33.4,33.58,33.18,33.38,1184411
1052,2010-10-22,33.4,33.58,33.3,33.5,861780
1053,2010-10-25,33.69,33.88,33.54,33.66,1543446
1054,2010-10-26,33.61,33.96,33.23,33.72,1200371
1055,2010-10-27,33.53,33.625,32.67,32.83,1511521
1056,2010-10-28,33.02,33.09,32.33,32.44,1235397
1057,2010-10-29,32.41,32.46,31.0,31.37,3182366
1058,2010-11-01,31.37,31.5,30.82,30.9,2677781
1059,2010-11-02,31.05,31.23,30.9502,31.11,1981371
1060,2010-11-03,31.2,31.62,31.01,31.41,1355434
1061,2010-11-04,29.89,30.0,28.84,29.26,6226750
1062,2010-11-05,29.14,30.44,29.02,30.12,3288953
1063,2010-11-08,30.29,30.57,29.7,30.19,2084429
1064,2010-11-09,30.21,30.51,29.88,29.98,1640305
1065,2010-11-10,29.97,30.24,29.57,30.18,1757709
1066,2010-11-11,29.93,30.39,29.78,30.33,1554672
1067,2010-11-12,30.14,30.26,29.79,29.82,1171587
1068,2010-11-15,29.86,30.0,29.56,29.87,1834579
1069,2010-11-16,29.72,30.26,29.58,29.88,2107477
1070,2010-11-17,29.95,30.27,29.75,29.9,1526098
1071,2010-11-18,30.09,30.24,29.43,29.57,1703953
1072,2010-11-19,29.57,29.61,29.26,29.4,1372499
1073,2010-11-22,29.22,29.68,29.03,29.57,1298611
1074,2010-11-23,29.4,31.5,29.35,31.13,5162577
1075,2010-11-24,31.16,31.38,30.41,30.84,2457470
1076,2010-11-26,30.88,31.24,30.73,30.92,1194779
1077,2010-11-29,30.83,30.85,30.2,30.69,1869262
1078,2010-11-30,30.51,30.83,30.13,30.65,1730792
1079,2010-12-01,30.94,31.2,30.7,31.01,1961354
1080,2010-12-02,31.05,31.18,30.72,31.09,1867910
1081,2010-12-03,29.61,30.48,29.18,29.5,5998934
1082,2010-12-06,29.38,29.4216,28.51,28.57,3059702
1083,2010-12-07,28.74,29.23,28.44,28.46,2062311
1084,2010-12-08,28.39,28.64,28.26,28.56,1340053
1085,2010-12-09,28.53,28.68,28.23,28.42,1629855
1086,2010-12-10,28.44,28.5,28.22,28.42,1097549
1087,2010-12-13,28.38,28.48,27.9,28.0,1726232
1088,2010-12-14,27.99,28.1505,27.82,27.91,1028465
1089,2010-12-15,27.95,28.45,27.88,28.31,1609650
1090,2010-12-16,28.31,29.02,28.27,28.85,1800407
1091,2010-12-17,28.79,29.55,28.63,29.55,3781400
1092,2010-12-20,29.51,29.55,29.02,29.29,1674543
1093,2010-12-21,29.42,29.58,29.12,29.41,1142317
1094,2010-12-22,29.38,29.98,29.38,29.91,1232291
1095,2010-12-23,29.98,30.6,29.96,30.27,1530943
1096,2010-12-27,30.26,30.26,29.82,29.96,1062544
1097,2010-12-28,30.03,30.51,29.92,30.11,1036318
1098,2010-12-29,30.2,30.56,30.12,30.45,830071
1099,2010-12-30,30.42,30.69,30.39,30.51,935067
1100,2010-12-31,30.5,30.57,30.43,30.46,819161
1101,2011-01-03,30.62,30.8,30.4,30.41,1997428
1102,2011-01-04,30.59,30.77,30.32,30.74,1710574
1103,2011-01-05,30.35,30.64,30.25,30.51,1707060
1104,2011-01-06,30.48,30.64,30.36,30.43,1065010
1105,2011-01-07,30.4,30.59,30.26,30.51,1172976
1106,2011-01-10,30.43,31.37,30.36,31.17,1362673
1107,2011-01-11,31.22,31.39,30.95,31.05,1053472
1108,2011-01-12,31.2,32.09,31.1,31.68,1590086
1109,2011-01-13,31.82,32.32,31.75,32.09,1815506
1110,2011-01-14,32.01,32.12,31.85,32.0,1396973
1111,2011-01-18,32.09,32.365,32.0,32.34,1103628
1112,2011-01-19,32.25,32.51,32.01,32.22,1230638
1113,2011-01-20,32.21,32.69,32.16,32.41,1029160
1114,2011-01-21,32.47,32.72,32.33,32.52,1061015
1115,2011-01-24,32.47,32.6,32.27,32.6,742068
1116,2011-01-25,32.58,32.78,32.13,32.32,979321
1117,2011-01-26,32.42,32.67,32.0,32.38,923491
1118,2011-01-27,32.43,32.66,32.28,32.34,875054
1119,2011-01-28,32.32,32.47,31.69,31.82,801365
1120,2011-01-31,31.82,32.15,31.59,31.79,899252
1121,2011-02-01,31.91,32.04,31.6,31.86,1792549
1122,2011-02-02,31.59,32.12,31.57,31.81,2308324
1123,2011-02-03,31.85,32.7,31.7,32.27,1446908
1124,2011-02-04,32.88,33.99,32.75,33.95,2123370
1125,2011-02-07,33.92,40.42,33.8,39.2,3067777
1126,2011-02-08,38.86,39.38,37.88,39.1,6742211
1127,2011-02-09,39.15,40.44,38.75,39.98,3834731
1128,2011-02-10,40.03,40.885,39.62,40.77,2801928
1129,2011-02-11,40.84,41.59,40.69,41.57,2735199
1130,2011-02-14,41.4,41.94,40.91,41.38,1415213
1131,2011-02-15,41.07,41.2399,40.74,40.84,1241981
1132,2011-02-16,42.08,42.27,40.69,40.75,2253426
1133,2011-02-17,40.71,41.35,40.66,40.93,1324133
1134,2011-02-18,40.94,41.86,40.73,41.78,1362685
1135,2011-02-22,41.27,41.55,40.75,41.01,919103
1136,2011-02-23,40.94,41.19,39.41,40.08,2269652
1137,2011-02-24,40.07,40.1,39.46,39.78,2233311
1138,2011-02-25,39.85,41.19,39.74,40.71,2588059
1139,2011-02-28,40.74,41.17,40.34,41.03,1339642
1140,2011-03-01,41.24,41.41,40.59,40.63,1547330
1141,2011-03-02,40.49,40.49,39.77,39.89,2900141
1142,2011-03-03,41.55,42.13,40.32,41.33,3286897
1143,2011-03-04,41.1,41.94,40.8,41.0,2486371
1144,2011-03-07,41.15,41.63,40.98,41.09,1600909
1145,2011-03-08,41.18,42.08,41.11,41.85,1307912
1146,2011-03-09,41.84,42.35,41.63,42.02,695338
1147,2011-03-10,41.64,42.22,41.4,41.95,868744
1148,2011-03-11,42.43,43.38,42.4,43.05,2552381
1149,2011-03-14,42.62,42.83,41.98,42.75,1594552
1150,2011-03-15,41.81,42.31,41.46,41.96,1657117
1151,2011-03-16,41.84,42.84,41.67,42.34,2290018
1152,2011-03-17,42.67,42.67,41.66,41.77,1928062
1153,2011-03-18,42.0,42.39,41.1,41.1,3250314
1154,2011-03-21,41.65,41.98,41.3801,41.75,1542602
1155,2011-03-22,41.9,42.98,41.27,42.28,2250290
1156,2011-03-23,42.2,43.1,41.95,42.87,2294528
1157,2011-03-24,43.1,43.67,42.95,43.48,1447127
1158,2011-03-25,43.52,43.87,43.21,43.55,1053198
1159,2011-03-28,43.41,43.79,42.96,43.2,926759
1160,2011-03-29,43.12,43.7,42.58,43.09,2254747
1161,2011-03-30,43.33,43.62,43.11,43.59,1207375
1162,2011-03-31,43.59,43.66,43.0,43.43,1102640
1163,2011-04-01,43.48,43.87,43.1701,43.68,884378
1164,2011-04-04,43.79,43.95,43.48,43.8,829630
1165,2011-04-05,43.65,44.44,43.65,44.04,1470625
1166,2011-04-06,44.12,44.4,43.56,43.65,1284924
1167,2011-04-07,43.69,43.98,43.48,43.75,2055118
1168,2011-04-08,43.79,43.94,43.42,43.73,1423705
1169,2011-04-11,43.8,43.99,43.44,43.45,841744
1170,2011-04-12,43.31,43.59,42.99,43.24,887424
1171,2011-04-13,43.31,43.72,42.81,43.54,1119742
1172,2011-04-14,43.35,43.74,43.135,43.68,930275
1173,2011-04-15,43.8,43.99,43.38,43.53,1351929
1174,2011-04-18,43.22,43.23,42.62,42.74,1621009
1175,2011-04-19,42.77,42.8,41.64,42.0,3327223
1176,2011-04-20,42.35,42.52,41.91,42.08,1392442
1177,2011-04-21,42.12,42.12,41.47,41.49,1738529
1178,2011-04-25,41.59,41.59,40.88,40.93,1753080
1179,2011-04-26,41.26,41.4,40.72,40.79,1569586
1180,2011-04-27,40.82,41.13,40.64,40.75,1638884
1181,2011-04-28,40.67,41.06,40.57,40.77,1637015
1182,2011-04-29,40.84,41.42,40.7801,41.11,1355462
1183,2011-05-02,40.98,41.42,40.434,41.29,1178209
1184,2011-05-03,41.15,41.39,40.86,41.19,1066013
1185,2011-05-04,41.1,41.1,40.08,40.61,1448886
1186,2011-05-05,40.27,40.46,38.83,39.36,2886491
1187,2011-05-06,39.61,39.74,38.93,39.31,2737569
1188,2011-05-09,39.24,39.4,38.77,39.35,1355709
1189,2011-05-10,39.34,39.68,39.01,39.45,2231515
1190,2011-05-11,39.3,39.5,38.68,38.75,2704077
1191,2011-05-12,38.75,39.11,37.21,38.39,4944077
1192,2011-05-13,38.4,38.89,38.12,38.53,2280639
1193,2011-05-16,38.4,38.4,38.0,38.02,1249395
1194,2011-05-17,38.29,38.51,37.82,37.86,1290795
1195,2011-05-18,37.81,37.81,37.27,37.74,2068890
1196,2011-05-19,34.37,34.67,33.3,33.77,15235710
1197,2011-05-20,33.6,34.33,33.35,33.55,3908224
1198,2011-05-23,33.36,33.88,33.26,33.7,3309218
1199,2011-05-24,33.73,33.83,33.0,33.09,1957144
1200,2011-05-25,32.97,33.17,32.27,32.33,2798577
1201,2011-05-26,31.01,31.83,30.83,31.44,6512717
1202,2011-05-27,31.89,32.49,31.42,32.42,3606875
1203,2011-05-31,33.06,33.74,32.91,33.41,4293086
1204,2011-06-01,33.22,33.48,32.96,33.05,3613502
1205,2011-06-02,33.0,33.25,32.53,32.6,2727745
1206,2011-06-03,32.27,33.05,32.13,32.53,2728723
1207,2011-06-06,32.43,32.54,31.32,31.37,2018413
1208,2011-06-07,31.61,32.77,31.61,32.35,3099649
1209,2011-06-08,32.18,32.41,31.58,32.01,3362497
1210,2011-06-09,32.04,32.96,32.04,32.42,1879417
1211,2011-06-10,32.23,32.52,32.16,32.23,1875992
1212,2011-06-13,32.26,32.5,31.97,32.25,1299928
1213,2011-06-14,32.45,32.752,32.38,32.53,1065881
1214,2011-06-15,32.34,32.47,32.02,32.33,1283983
1215,2011-06-16,32.29,32.5,31.81,32.24,1552820
1216,2011-06-17,32.37,32.57,32.21,32.4,1792184
1217,2011-06-20,32.38,32.75,32.22,32.69,1255343
1218,2011-06-21,32.96,33.13,32.72,33.07,831139
1219,2011-06-22,33.06,33.2,32.72,32.72,1015620
1220,2011-06-23,32.39,32.95,32.37,32.82,1174679
1221,2011-06-24,32.85,32.9,32.32,32.46,2098710
1222,2011-06-27,32.36,32.89,32.12,32.83,1189083
1223,2011-06-28,32.95,33.22,32.62,33.17,862329
1224,2011-06-29,33.29,33.33,32.74,32.8,680539
1225,2011-06-30,32.79,33.26,32.55,33.15,1363046
1226,2011-07-01,33.41,34.0,33.11,33.96,1215149
1227,2011-07-05,33.88,33.88,33.105,33.38,1150706
1228,2011-07-06,33.35,33.48,33.0802,33.29,623730
1229,2011-07-07,33.54,34.86,33.54,34.69,1653890
1230,2011-07-08,34.3,34.49,34.08,34.42,964098
1231,2011-07-11,34.07,34.16,33.73,33.87,1008431
1232,2011-07-12,33.69,34.36,33.69,33.82,720895
1233,2011-07-13,34.0,34.42,33.73,34.29,969456
1234,2011-07-14,34.33,34.49,33.89,34.02,787393
1235,2011-07-15,34.16,34.17,33.52,33.79,649120
1236,2011-07-18,33.6,33.77,33.2,33.73,764164
1237,2011-07-19,33.83,34.17,33.55,34.13,761202
1238,2011-07-20,34.28,34.89,34.2,34.65,1225431
1239,2011-07-21,34.82,35.73,34.66,35.48,1158745
1240,2011-07-22,35.59,36.09,35.47,35.93,1023840
1241,2011-07-25,35.51,36.03,35.48,35.56,830009
1242,2011-07-26,35.56,36.44,35.48,36.34,1072679
1243,2011-07-27,36.12,36.14,35.31,35.31,1126560
1244,2011-07-28,35.29,35.78,35.19,35.3,1206307
1245,2011-07-29,35.02,35.15,34.569,34.83,947447
1246,2011-08-01,35.23,35.27,33.9,34.38,905676
1247,2011-08-02,34.22,34.5,33.09,33.14,1177819
1248,2011-08-03,33.25,33.25,32.15,32.57,1925499
1249,2011-08-04,32.3,32.62,31.95,32.02,2845514
1250,2011-08-05,32.26,32.39,30.85,31.73,2311918
1251,2011-08-08,31.13,31.52,28.89,29.02,2677580
1252,2011-08-09,29.37,30.51,28.93,30.49,2672126
1253,2011-08-10,30.0,30.66,29.92,29.96,1985881
1254,2011-08-11,30.04,31.65,30.04,31.23,1378834
1255,2011-08-12,31.54,31.97,31.01,31.75,1053656
1256,2011-08-15,31.96,32.37,31.76,32.29,889156
1257,2011-08-16,32.05,32.4,31.8,32.19,566186
1258,2011-08-17,32.52,32.89,31.52,31.7,1000634
1259,2011-08-18,30.88,30.91,29.87,30.13,1709246
1260,2011-08-19,29.78,30.72,29.72,30.09,980387
1261,2011-08-22,30.7,31.6,30.5,31.35,1375530
1262,2011-08-23,31.5,32.05,31.05,32.05,807388
1263,2011-08-24,31.93,32.55,31.78,32.38,1381453
1264,2011-08-25,32.44,33.42,31.85,32.21,2019335
1265,2011-08-26,31.44,33.03,31.44,32.81,1584359
1266,2011-08-29,33.24,33.74,33.05,33.73,715149
1267,2011-08-30,33.68,33.92,33.29,33.63,1037558
1268,2011-08-31,33.91,34.45,33.74,33.9,1638356
1269,2011-09-01,34.0,34.19,33.17,33.24,1801489
1270,2011-09-02,32.5,32.8,31.84,32.01,1511548
1271,2011-09-06,31.14,31.93,30.92,31.88,963990
1272,2011-09-07,32.36,33.0,32.1,32.79,834320
1273,2011-09-08,32.71,32.84,32.1,32.24,830197
1274,2011-09-09,31.97,32.28,31.42,31.72,778501
1275,2011-09-12,31.27,31.72,30.79,31.59,1107402
1276,2011-09-13,31.64,31.98,31.1,31.27,1323896
1277,2011-09-14,31.58,31.92,30.88,31.58,1181314
1278,2011-09-15,32.2,33.4,32.14,33.26,1796194
1279,2011-09-16,33.61,34.38,33.43,33.57,2934376
1280,2011-09-19,33.01,34.01,32.97,33.82,1319634
1281,2011-09-20,33.9,34.41,33.6,33.62,1154428
1282,2011-09-21,33.57,34.14,32.72,32.72,902450
1283,2011-09-22,31.78,33.03,31.7,32.28,2806396
1284,2011-09-23,32.18,33.55,32.14,33.37,1404233
1285,2011-09-26,33.64,34.82,33.62,34.8,1310287
1286,2011-09-27,35.4,36.0,35.24,35.54,2373107
1287,2011-09-28,35.46,35.87,34.63,34.73,1396958
1288,2011-09-29,35.3,35.3,33.8,34.55,1368152
1289,2011-09-30,34.15,35.65,33.93,34.83,2657944
1290,2011-10-03,34.73,35.02,33.29,33.33,1106857
1291,2011-10-04,32.98,34.06,32.55,34.04,1435605
1292,2011-10-05,34.08,34.27,33.19,33.62,1644808
1293,2011-10-06,33.7,34.99,33.7,34.28,1911067
1294,2011-10-07,34.53,34.56,33.33,33.63,1290172
1295,2011-10-10,34.03,34.535,33.97,34.38,909755
1296,2011-10-11,34.4,35.13,34.13,35.05,979279
1297,2011-10-12,35.23,35.28,34.69,34.78,726275
1298,2011-10-13,34.51,34.9,34.39,34.53,783001
1299,2011-10-14,34.84,35.0,34.33,34.57,588904
1300,2011-10-17,34.62,35.2,34.62,35.07,1732202
1301,2011-10-18,35.09,36.54,34.77,36.13,1901356
1302,2011-10-19,36.08,37.16,36.03,36.56,1581688
1303,2011-10-20,36.69,37.253,36.45,37.12,1223120
1304,2011-10-21,37.46,37.73,37.26,37.48,1363946
1305,2011-10-24,37.72,38.44,37.51,38.41,1256620
1306,2011-10-25,38.28,38.91,37.56,37.7,1080481
1307,2011-10-26,37.98,37.98,36.88,37.5,870038
1308,2011-10-27,38.44,38.44,37.19,37.7,1359629
1309,2011-10-28,37.76,38.0,37.06,37.64,957064
1310,2011-10-31,37.36,38.5,37.36,37.69,1323838
1311,2011-11-01,36.83,37.59,36.64,37.21,1236633
1312,2011-11-02,37.75,38.42,37.35,38.12,1731241
1313,2011-11-03,38.75,40.66,38.75,40.64,2856131
1314,2011-11-04,41.27,41.44,40.27,41.32,2085149
1315,2011-11-07,41.19,41.62,40.85,41.5,1163725
1316,2011-11-08,41.6,41.81,40.78,41.64,1089342
1317,2011-11-09,40.95,41.16,40.02,40.33,1572033
1318,2011-11-10,40.66,40.73,39.94,40.34,864237
1319,2011-11-11,40.56,41.5099,40.56,41.3,669783
1320,2011-11-14,41.08,41.31,40.71,40.96,634883
1321,2011-11-15,40.71,41.18,40.43,41.06,880372
1322,2011-11-16,40.67,41.01,39.73,39.93,1468999
1323,2011-11-17,39.96,40.36,38.62,38.94,1673462
1324,2011-11-18,39.15,39.36,38.74,39.13,986961
1325,2011-11-21,38.79,38.79,37.92,38.25,1242513
1326,2011-11-22,38.22,39.15,38.18,38.77,1164342
1327,2011-11-23,37.85,37.92,36.13,36.83,2459135
1328,2011-11-25,36.71,37.24,36.59,36.82,675900
1329,2011-11-28,37.45,38.34,37.45,38.15,1431832
1330,2011-11-29,38.09,39.7,37.86,39.52,2276060
1331,2011-11-30,40.58,40.69,39.65,40.11,1923226
1332,2011-12-01,39.98,40.62,39.61,39.73,1241424
1333,2011-12-02,36.75,37.43,35.65,36.28,6178571
1334,2011-12-05,36.95,37.43,36.58,37.15,2329568
1335,2011-12-06,37.01,37.91,36.89,37.72,1889218
1336,2011-12-07,37.34,37.74,37.01,37.52,1321927
1337,2011-12-08,37.19,37.44,36.85,36.96,894666
1338,2011-12-09,37.09,37.515,36.93,37.24,977888
1339,2011-12-12,36.93,37.405,36.84,37.39,1057189
1340,2011-12-13,37.63,37.65,36.6,36.75,1415402
1341,2011-12-14,36.56,36.9,36.14,36.62,1371483
1342,2011-12-15,36.83,37.05,36.4,36.6,1073118
1343,2011-12-16,36.68,37.085,36.47,36.62,1010836
1344,2011-12-19,36.85,37.0,35.85,35.96,699107
1345,2011-12-20,36.64,38.205,36.55,38.1,1064755
1346,2011-12-21,38.29,38.76,37.4,38.2,719713
1347,2011-12-22,38.27,38.41,37.49,37.75,652262
1348,2011-12-23,37.85,38.25,37.61,38.11,377113
1349,2011-12-27,38.06,38.45,37.86,38.34,395322
1350,2011-12-28,38.42,38.47,37.77,37.81,320439
1351,2011-12-29,37.99,38.34,37.95,38.18,340188
1352,2011-12-30,38.22,38.22,37.76,37.76,340051
1353,2012-01-03,38.25,38.925,38.05,38.2,969847
1354,2012-01-04,38.2,38.765,37.98,38.6,1216717
1355,2012-01-05,38.44,38.73,37.63,38.7,1150621
1356,2012-01-06,38.64,38.64,38.06,38.16,789253
1357,2012-01-09,38.08,38.45,37.65,38.18,827912
1358,2012-01-10,38.55,38.75,37.99,38.56,954552
1359,2012-01-11,38.31,38.4,37.5801,37.91,820054
1360,2012-01-12,37.99,38.03,37.35,37.77,542709
1361,2012-01-13,37.55,38.0,37.36,37.58,384851
1362,2012-01-17,37.71,37.91,37.12,37.56,1178345
1363,2012-01-18,37.57,39.14,37.48,39.09,1013402
1364,2012-01-19,39.14,39.7,39.03,39.63,972012
1365,2012-01-20,39.6,40.27,39.44,40.21,1496168
1366,2012-01-23,40.27,41.49,40.26,40.97,2103820
1367,2012-01-24,40.78,41.3,40.78,41.16,1864267
1368,2012-01-25,40.94,41.49,40.24,41.34,1338118
1369,2012-01-26,41.54,41.54,40.17,40.3,1141788
1370,2012-01-27,40.19,40.22,39.63,40.0,1064426
1371,2012-01-30,39.77,39.92,39.433,39.77,1175615
1372,2012-01-31,39.85,39.96,39.37,39.49,1602501
1373,2012-02-01,39.62,39.99,39.48,39.55,1316650
1374,2012-02-02,42.81,43.1,41.27,42.82,3472593
1375,2012-02-03,43.1,43.7,43.1,43.59,1596110
1376,2012-02-06,43.36,43.58,43.24,43.48,522200
1377,2012-02-07,43.52,43.92,43.42,43.91,592947
1378,2012-02-08,43.8,44.05,43.66,43.98,962069
1379,2012-02-09,43.93,43.93,43.36,43.84,764491
1380,2012-02-10,43.53,44.0,43.34,44.0,583447
1381,2012-02-13,44.03,44.36,43.71,43.78,928951
1382,2012-02-14,43.8,44.08,43.65,44.02,732694
1383,2012-02-15,44.21,44.21,43.21,43.32,657452
1384,2012-02-16,43.16,44.0047,42.6,43.86,986986
1385,2012-02-17,44.07,44.24,43.94,44.12,569355
1386,2012-02-21,44.13,44.38,43.585,43.69,489783
1387,2012-02-22,43.77,43.97,43.25,43.32,766775
1388,2012-02-23,43.39,43.85,43.07,43.7,929429
1389,2012-02-24,43.7,44.14,43.45,43.6,738542
1390,2012-02-27,43.4,44.165,43.25,43.84,1408626
1391,2012-02-28,43.93,44.39,43.49,44.27,1282663
1392,2012-02-29,44.32,44.82,43.83,43.85,2108973
1393,2012-03-01,44.05,44.76,43.9,44.49,1196710
1394,2012-03-02,43.88,44.53,42.16,42.71,3287660
1395,2012-03-05,43.32,44.44,42.79,44.15,2407665
1396,2012-03-06,43.3,44.45,43.27,44.39,2066208
1397,2012-03-07,44.47,45.0,44.3,44.9,1267710
1398,2012-03-08,44.98,45.09,44.64,45.0,1251800
1399,2012-03-09,45.17,45.65,45.01,45.43,783772
1400,2012-03-12,45.4,45.51,45.13,45.31,697155
1401,2012-03-13,45.47,45.9,45.19,45.84,706081
1402,2012-03-14,45.82,45.88,45.31,45.61,673963
1403,2012-03-15,45.61,45.78,45.36,45.56,854668
1404,2012-03-16,45.67,45.74,45.105,45.42,1126649
1405,2012-03-19,45.26,45.83,45.121,45.52,723843
1406,2012-03-20,45.22,45.57,44.89,45.52,876023
1407,2012-03-21,45.61,45.81,45.4,45.53,812702
1408,2012-03-22,45.27,45.544,44.98,45.36,527633
1409,2012-03-23,45.4,45.75,44.58,45.66,603929
1410,2012-03-26,45.95,46.66,45.95,46.4,853146
1411,2012-03-27,46.33,47.2195,46.09,46.81,1717578
1412,2012-03-28,46.73,47.11,45.59,45.59,1434675
1413,2012-03-29,44.1,44.1,41.99,43.42,4578920
1414,2012-03-30,43.74,43.74,42.85,43.02,1333173
1415,2012-04-02,42.64,43.88,42.63,43.84,1408900
1416,2012-04-03,43.75,44.29,43.52,43.86,1098274
1417,2012-04-04,43.53,44.23,43.49,43.93,1255527
1418,2012-04-05,43.92,44.39,43.68,43.75,974642
1419,2012-04-09,43.2,43.23,42.56,43.02,1683589
1420,2012-04-10,43.04,43.32,42.62,42.8,1987778
1421,2012-04-11,43.12,44.42,43.12,44.36,1368198
1422,2012-04-12,44.38,45.36,44.3,45.35,1518009
1423,2012-04-13,45.34,45.63,45.17,45.51,1043484
1424,2012-04-16,45.55,45.56,44.65,45.0,1755560
1425,2012-04-17,45.25,45.57,44.93,45.32,1670189
1426,2012-04-18,45.21,45.25,44.52,45.04,1068347
1427,2012-04-19,45.07,45.54,44.77,45.31,875517
1428,2012-04-20,45.57,45.98,45.45,45.87,1035324
1429,2012-04-23,45.43,45.73,45.16,45.71,1199309
1430,2012-04-24,37.12,37.25,34.545,34.71,13210815
1431,2012-04-25,34.93,35.52,34.46,35.31,4820091
1432,2012-04-26,35.33,36.48,35.2,36.29,2730225
1433,2012-04-27,36.38,37.625,36.35,37.34,2155621
1434,2012-04-30,37.27,37.44,36.17,36.64,1671623
1435,2012-05-01,36.67,37.14,36.37,36.45,1156048
1436,2012-05-02,36.39,37.31,36.26,37.15,1331215
1437,2012-05-03,37.07,37.83,36.93,37.29,1724858
1438,2012-05-04,37.05,37.16,36.34,36.53,1086231
1439,2012-05-07,36.36,37.46,36.35,37.2,1335498
1440,2012-05-08,36.86,36.86,34.53,36.07,2162260
1441,2012-05-09,35.85,36.62,35.71,36.21,1630403
1442,2012-05-10,36.78,38.15,36.63,36.73,1874812
1443,2012-05-11,36.49,36.94,36.21,36.27,968759
1444,2012-05-14,35.99,36.28,35.66,35.74,1007243
1445,2012-05-15,35.93,36.73,35.66,36.23,1069905
1446,2012-05-16,36.27,36.55,35.94,36.15,1024152
1447,2012-05-17,36.05,36.19,34.85,34.94,1005439
1448,2012-05-18,35.08,35.49,34.64,35.43,1368220
1449,2012-05-21,35.45,35.7,34.91,35.16,1948737
1450,2012-05-22,35.52,35.83,34.585,34.79,2507872
1451,2012-05-23,33.82,36.7797,33.5,36.31,4164091
1452,2012-05-24,36.25,36.31,35.07,35.75,1941732
1453,2012-05-25,35.82,37.97,35.82,37.3,2123899
1454,2012-05-29,37.39,37.99,37.31,37.86,2012187
1455,2012-05-30,37.46,38.0,36.71,37.07,2055468
1456,2012-05-31,37.0,37.13,35.96,36.75,2211225
1457,2012-06-01,36.02,36.88,36.02,36.52,1585768
1458,2012-06-04,36.68,37.2,36.22,37.12,1279928
1459,2012-06-05,37.11,37.98,36.88,37.77,1368809
1460,2012-06-06,37.97,38.45,37.86,38.18,1164813
1461,2012-06-07,38.47,38.49,37.73,37.77,882087
1462,2012-06-08,37.7,38.77,37.7,38.57,642705
1463,2012-06-11,38.77,38.79,37.79,37.83,827138
1464,2012-06-12,38.0,38.32,37.75,38.23,707004
1465,2012-06-13,38.12,38.43,37.46,37.56,927025
1466,2012-06-14,37.81,38.16,37.56,37.74,1408753
1467,2012-06-15,37.87,38.03,37.75,37.97,1367588
1468,2012-06-18,37.86,38.4,37.77,38.12,1094345
1469,2012-06-19,38.42,39.33,38.21,39.14,864550
1470,2012-06-20,39.26,39.72,39.08,39.52,826534
1471,2012-06-21,39.42,39.65,38.36,38.6,975266
1472,2012-06-22,38.69,39.04,38.5,38.98,1202235
1473,2012-06-25,38.49,38.81,38.22,38.66,752569
1474,2012-06-26,38.77,40.19,38.72,39.95,1067792
1475,2012-06-27,39.98,40.15,39.56,39.94,1004978
1476,2012-06-28,39.34,40.3,39.16,40.12,1623007
1477,2012-06-29,40.81,41.42,40.59,40.79,2150272
1478,2012-07-02,41.03,41.34,40.74,40.88,1280808
1479,2012-07-03,40.95,40.95,40.51,40.62,565288
1480,2012-07-05,40.59,40.8,40.16,40.7,1107303
1481,2012-07-06,40.46,40.84,40.38,40.67,693979
1482,2012-07-09,40.6,40.74,39.76,40.24,850088
1483,2012-07-10,40.6,40.68,40.155,40.34,1001771
1484,2012-07-11,40.45,40.45,38.89,39.21,1447930
1485,2012-07-12,39.06,39.25,38.06,39.12,2034958
1486,2012-07-13,39.25,39.43,38.73,39.03,895543
1487,2012-07-16,38.89,39.01,38.4,38.63,607490
1488,2012-07-17,38.75,38.96,38.39,38.8,757628
1489,2012-07-18,38.59,39.38,38.59,38.96,778062
1490,2012-07-19,39.14,39.37,38.78,39.16,528350
1491,2012-07-20,39.16,39.54,38.8,39.14,604951
1492,2012-07-23,38.63,39.25,38.435,39.05,672099
1493,2012-07-24,39.18,39.18,38.51,38.93,946236
1494,2012-07-25,38.93,39.14,38.41,38.68,758228
1495,2012-07-26,39.04,39.89,38.51,39.68,886187
1496,2012-07-27,39.99,41.3,39.96,41.01,876939
1497,2012-07-30,41.0,41.29,40.51,40.89,749145
1498,2012-07-31,40.72,40.99,40.35,40.51,693011
1499,2012-08-01,40.65,40.77,40.19,40.52,611379
1500,2012-08-02,40.25,40.98,40.24,40.31,947938
1501,2012-08-03,40.85,41.53,40.76,41.51,846605
1502,2012-08-06,41.68,42.14,41.4501,41.94,945499
1503,2012-08-07,42.0,42.26,41.59,41.66,1415357
1504,2012-08-08,41.65,41.85,41.23,41.72,457578
1505,2012-08-09,41.77,41.77,41.115,41.31,482182
1506,2012-08-10,40.0,40.04,38.26,38.44,3105239
1507,2012-08-13,38.2,38.26,37.59,38.02,1524254
1508,2012-08-14,38.17,38.5,38.09,38.11,710457
1509,2012-08-15,38.08,38.4692,38.06,38.13,619426
1510,2012-08-16,38.09,38.53,38.0,38.43,765423
1511,2012-08-17,38.54,38.8,38.35,38.47,618856
1512,2012-08-20,38.36,38.84,38.09,38.75,1192082
1513,2012-08-21,38.8704,39.15,38.63,38.73,673265
1514,2012-08-22,38.55,39.23,38.29,38.84,1245501
1515,2012-08-23,31.94,32.4,29.33,30.76,16059476
1516,2012-08-24,30.24,30.99,29.92,30.28,3788442
1517,2012-08-27,30.37,30.87,30.27,30.64,1917946
1518,2012-08-28,30.53,31.3,30.53,31.1,1774770
1519,2012-08-29,31.18,31.19,30.42,30.43,1043123
1520,2012-08-30,30.43,30.47,30.06,30.37,1060206
1521,2012-08-31,30.56,30.56,30.09,30.44,945203
1522,2012-09-04,30.49,30.7,29.99,30.57,1046127
1523,2012-09-05,30.62,30.79,30.11,30.56,901437
1524,2012-09-06,30.75,30.92,30.51,30.6,974768
1525,2012-09-07,30.63,30.76,30.35,30.67,1101987
1526,2012-09-10,30.68,31.0,30.48,30.51,1152595
1527,2012-09-11,30.52,30.61,30.34,30.43,1110719
1528,2012-09-12,30.58,30.68,30.32,30.39,851385
1529,2012-09-13,30.4,30.68,30.12,30.46,1632605
1530,2012-09-14,30.58,31.9,30.58,31.83,2161297
1531,2012-09-17,31.69,31.7999,31.28,31.74,1281858
1532,2012-09-18,31.67,31.75,31.33,31.56,983093
1533,2012-09-19,31.47,31.77,31.22,31.44,937245
1534,2012-09-20,31.41,31.53,31.035,31.19,1355834
1535,2012-09-21,31.41,31.55,30.77,30.9,1804306
1536,2012-09-24,30.72,31.02,30.57,30.87,743522
1537,2012-09-25,31.13,31.34,29.52,29.59,1897623
1538,2012-09-26,29.67,29.89,29.08,29.65,1308856
1539,2012-09-27,29.7,29.75,29.08,29.43,1289774
1540,2012-09-28,29.41,29.85,29.14,29.58,1795098
1541,2012-10-01,29.76,30.31,29.76,30.14,1321280
1542,2012-10-02,30.26,30.33,29.58,29.65,1360489
1543,2012-10-03,29.79,29.93,29.6,29.8,978731
1544,2012-10-04,29.84,30.4,29.82,30.29,914345
1545,2012-10-05,30.44,31.0,30.41,30.71,737627
1546,2012-10-08,30.66,31.03,30.24,30.43,1203917
1547,2012-10-09,30.34,30.71,29.84,30.07,1456131
1548,2012-10-10,30.135,30.62,30.07,30.38,718366
1549,2012-10-11,30.54,30.97,30.16,30.32,1132138
1550,2012-10-12,30.22,30.34,29.85,30.07,704196
1551,2012-10-15,30.38,31.04,30.3704,30.84,1275169
1552,2012-10-16,30.97,31.16,30.77,30.89,633726
1553,2012-10-17,30.96,31.26,30.5,30.6,1520725
1554,2012-10-18,30.61,30.73,29.91,29.94,1178124
1555,2012-10-19,29.99,30.06,29.18,29.22,1593325
1556,2012-10-22,29.18,29.49,28.91,29.43,1287831
1557,2012-10-23,29.08,29.19,28.47,28.65,1593691
1558,2012-10-24,28.81,29.14,28.46,29.0,1637300
1559,2012-10-25,29.19,29.54,29.1107,29.21,814601
1560,2012-10-26,29.25,29.25,28.55,28.78,920312
1561,2012-10-31,29.09,29.71,28.94,29.13,829095
1562,2012-11-01,29.17,30.71,29.02,30.52,1156661
1563,2012-11-02,30.68,30.8,30.25,30.29,892455
1564,2012-11-05,30.24,30.61,30.06,30.53,540140
1565,2012-11-06,30.69,31.72,30.6,31.14,980527
1566,2012-11-07,30.88,31.08,30.252,30.57,741074
1567,2012-11-08,30.5,30.525,29.55,29.65,874209
1568,2012-11-09,29.57,29.8,28.7897,28.93,1323683
1569,2012-11-12,28.95,29.46,28.39,28.91,1087279
1570,2012-11-13,28.85,29.27,27.31,27.48,3685372
1571,2012-11-14,27.13,27.49,26.8,26.86,1250687
1572,2012-11-15,26.98,27.47,26.72,27.39,682797
1573,2012-11-16,27.39,27.39,26.69,27.19,1119112
1574,2012-11-19,27.46,27.9,27.3775,27.9,609422
1575,2012-11-20,27.84,27.8595,27.3799,27.55,581046
1576,2012-11-21,27.61,27.815,27.4,27.61,581471
1577,2012-11-23,27.72,28.53,27.72,28.48,331687
1578,2012-11-26,28.41,28.465,27.23,27.72,1090257
1579,2012-11-27,27.67,27.97,27.315,27.35,893614
1580,2012-11-28,27.31,27.96,27.24,27.79,1014546
1581,2012-11-29,27.9,28.28,27.65,28.12,943486
1582,2012-11-30,28.16,28.25,27.71,28.16,1312440
1583,2012-12-03,28.29,28.3,27.34,28.04,1914781
1584,2012-12-04,29.86,32.1301,29.85,31.27,10390516
1585,2012-12-05,30.92,31.18,29.9,30.06,3177815
1586,2012-12-06,29.16,30.67,29.09,29.89,2088189
1587,2012-12-07,29.75,29.9499,27.8,28.18,3359863
1588,2012-12-10,28.07,28.69,28.0,28.6,1413768
1589,2012-12-11,28.71,28.9,28.06,28.26,1067696
1590,2012-12-12,28.25,28.43,27.56,27.65,1236419
1591,2012-12-13,27.68,28.29,27.68,27.76,1251044
1592,2012-12-14,27.65,27.83,27.09,27.22,892647
1593,2012-12-17,27.26,27.76,27.26,27.7,985875
1594,2012-12-18,27.68,29.04,27.68,28.89,1743387
1595,2012-12-19,28.96,28.96,28.48,28.5,724743
1596,2012-12-20,28.49,28.57,27.905,27.96,843782
1597,2012-12-21,28.04,28.71,27.8,28.58,1726021
1598,2012-12-24,28.39,28.84,28.39,28.55,341839
1599,2012-12-26,28.56,28.68,27.835,28.08,700681
1600,2012-12-27,28.03,28.2,27.39,27.87,817763
1601,2012-12-28,27.66,28.21,27.61,27.75,684275
1602,2012-12-31,27.77,28.48,27.62,28.46,804259
1603,2013-01-02,29.04,29.16,28.105,28.29,1289056
1604,2013-01-03,27.92,29.32,27.42,29.08,1554228
1605,2013-01-04,29.19,29.56,29.0,29.35,775033
1606,2013-01-07,29.17,29.38,28.84,29.13,494805
1607,2013-01-08,28.97,28.975,28.48,28.54,849791
1608,2013-01-09,28.55,28.68,27.68,27.84,870582
1609,2013-01-10,27.88,28.21,27.52,27.9,1087741
1610,2013-01-11,27.9,28.17,27.7,28.17,743343
1611,2013-01-14,28.23,28.965,28.22,28.75,1388686
1612,2013-01-15,28.6,29.9198,28.5,29.78,1374520
1613,2013-01-16,29.88,30.389,29.65,29.76,770761
1614,2013-01-17,29.96,32.2,29.4,31.22,4325708
1615,2013-01-18,31.13,31.4,30.3799,30.8,1380499
1616,2013-01-22,30.74,31.51,30.62,31.19,970338
1617,2013-01-23,31.2,31.31,30.71,30.89,568987
1618,2013-01-24,30.92,31.29,30.56,31.15,1131737
1619,2013-01-25,31.37,32.15,31.2501,31.82,2372902
1620,2013-01-28,31.96,32.44,31.86,32.2,1181029
1621,2013-01-29,32.1,32.27,31.8,32.02,743065
1622,2013-01-30,32.09,32.24,31.73,31.81,875045
1623,2013-01-31,31.8,32.66,31.8,32.15,1446364
1624,2013-02-01,32.26,32.605,32.0,32.34,1840310
1625,2013-02-04,32.12,32.62,32.07,32.5,1964355
1626,2013-02-05,32.78,33.11,32.51,32.59,1805792
1627,2013-02-06,32.57,33.24,32.5,33.01,899375
1628,2013-02-07,33.03,33.22,32.56,32.89,596842
1629,2013-02-08,32.65,32.98,32.34,32.84,1113620
1630,2013-02-11,32.98,33.41,32.85,33.24,999296
1631,2013-02-12,33.19,33.305,32.98,33.25,945039
1632,2013-02-13,33.27,34.0,33.19,33.5,17219472
1633,2013-02-14,33.53,34.93,33.3,34.76,2932294
1634,2013-02-15,34.7,34.71,33.7,33.85,2066137
1635,2013-02-19,34.0,34.41,33.49,34.34,1272401
1636,2013-02-20,34.46,34.57,33.62,33.63,1089604
1637,2013-02-21,33.6,34.65,33.51,33.62,1084513
1638,2013-02-22,33.82,34.03,33.245,33.42,1004293
1639,2013-02-25,33.72,33.92,32.61,32.64,814367
1640,2013-02-26,32.86,33.4,32.43,32.61,946017
1641,2013-02-27,32.73,33.35,32.73,33.15,714792
1642,2013-02-28,33.16,33.63,32.92,33.3,1155419
1643,2013-03-01,33.12,33.3,32.69,33.1,1241916
1644,2013-03-04,33.08,33.14,32.59,32.79,2052471
1645,2013-03-05,33.11,34.28,32.8,33.89,2027400
1646,2013-03-06,36.36,36.73,35.06,35.97,4338907
1647,2013-03-07,35.71,35.85,34.76,35.5,1554145
1648,2013-03-08,35.56,35.97,35.33,35.87,1372566
1649,2013-03-11,35.8,36.09,35.68,35.87,783783
1650,2013-03-12,35.75,35.91,35.405,35.76,593426
1651,2013-03-13,35.78,36.13,35.76,35.94,570745
1652,2013-03-14,35.94,36.04,35.84,35.91,499257
1653,2013-03-15,35.95,35.99,35.5601,35.67,766646
1654,2013-03-18,35.18,35.6,35.16,35.2,732072
1655,2013-03-19,35.2,35.32,34.6,34.96,788030
1656,2013-03-20,35.2,35.8,35.04,35.7,676000
1657,2013-03-21,35.6,35.6,35.01,35.5,397164
1658,2013-03-22,35.54,35.71,35.32,35.61,573992
1659,2013-03-25,35.91,36.44,35.61,35.74,637217
1660,2013-03-26,35.81,35.81,34.89,35.38,575979
1661,2013-03-27,35.18,35.815,34.9,35.68,606166
1662,2013-03-28,35.71,35.728,35.075,35.27,579472
1663,2013-04-01,35.19,35.56,34.21,34.3,781582
1664,2013-04-02,34.41,34.63,34.215,34.32,615674
1665,2013-04-03,34.42,34.74,33.76,34.07,1113888
1666,2013-04-04,34.11,35.45,34.03,35.35,790887
1667,2013-04-05,34.86,35.45,34.8,35.38,796997
1668,2013-04-08,35.46,35.63,34.76,35.62,403055
1669,2013-04-09,35.63,35.83,35.25,35.31,616100
1670,2013-04-10,34.77,36.0,34.77,35.33,587567
1671,2013-04-11,35.36,36.09,35.26,35.93,444219
1672,2013-04-12,35.73,36.35,35.73,36.07,386000
1673,2013-04-15,35.84,35.84,34.67,34.82,546994
1674,2013-04-16,34.96,35.26,34.54,35.26,491510
1675,2013-04-17,35.1,36.2,35.1,36.12,921330
1676,2013-04-18,36.09,36.34,35.69,35.87,884837
1677,2013-04-19,35.99,36.52,35.79,36.51,409218
1678,2013-04-22,36.59,36.7295,36.25,36.62,360869
1679,2013-04-23,36.75,37.17,36.5,36.78,256377
1680,2013-04-24,36.75,37.05,36.5,36.77,267845
1681,2013-04-25,36.96,37.81,36.93,37.28,450836
1682,2013-04-26,37.4,37.4,36.71,36.9,468641
1683,2013-04-29,37.09,37.12,36.28,36.53,602551
1684,2013-04-30,36.45,36.96,36.28,36.42,1486648
1685,2013-05-01,36.32,36.65,36.14,36.17,308228
1686,2013-05-02,36.32,36.66,36.07,36.3,820435
1687,2013-05-03,36.49,37.13,36.06,37.0,2118328
1688,2013-05-06,36.92,37.62,36.75,37.33,327051
1689,2013-05-07,37.42,37.81,37.27,37.65,510063
1690,2013-05-08,37.71,37.82,37.31,37.38,675183
1691,2013-05-09,37.44,37.6,36.705,36.84,900013
1692,2013-05-10,36.81,37.75,36.77,37.69,538029
1693,2013-05-13,37.75,37.8,37.33,37.66,317394
1694,2013-05-14,37.67,37.84,37.35,37.65,762872
1695,2013-05-15,37.65,37.77,37.27,37.41,810180
1696,2013-05-16,37.26,37.9,37.01,37.31,518797
1697,2013-05-17,37.42,37.4864,37.03,37.34,413257
1698,2013-05-20,37.33,38.42,37.22,38.24,586112
1699,2013-05-21,38.26,39.025,38.26,38.78,631422
1700,2013-05-22,38.9,39.22,38.46,38.49,728955
1701,2013-05-23,38.45,38.79,38.08,38.42,532070
1702,2013-05-24,38.04,38.41,37.72,38.28,369726
1703,2013-05-28,38.64,38.71,37.91,38.05,504477
1704,2013-05-29,37.9,38.52,37.36,38.38,891920
1705,2013-05-30,34.75,36.2,34.11,34.93,7143239
1706,2013-05-31,34.81,35.2299,34.05,34.05,1441883
1707,2013-06-03,34.02,34.24,33.01,33.27,1165076
1708,2013-06-04,33.13,33.39,32.5,33.2,2202946
1709,2013-06-05,33.18,33.69,33.11,33.15,1263004
1710,2013-06-06,33.13,33.68,33.02,33.45,1076861
1711,2013-06-07,33.64,33.98,33.55,33.91,688444
1712,2013-06-10,33.98,34.24,33.77,33.84,743825
1713,2013-06-11,33.58,34.08,33.35,33.62,512132
1714,2013-06-12,33.81,33.83,32.56,32.64,653109
1715,2013-06-13,32.71,33.18,32.47,33.13,516265
1716,2013-06-14,33.13,33.29,32.68,32.86,395511
1717,2013-06-17,33.51,34.08,33.35,33.83,987659
1718,2013-06-18,33.84,34.019,33.55,33.64,473604
1719,2013-06-19,33.69,33.69,33.078,33.09,555401
1720,2013-06-20,32.98,32.98,32.15,32.17,799634
1721,2013-06-21,32.47,32.47,31.6497,31.99,1283062
1722,2013-06-24,31.72,31.8,31.17,31.48,517936
1723,2013-06-25,31.75,31.79,31.38,31.75,477263
1724,2013-06-26,31.9,32.03,31.21,31.48,913596
1725,2013-06-27,31.7,31.99,31.36,31.37,1014433
1726,2013-06-28,31.35,31.9,31.35,31.53,1746261
1727,2013-07-01,31.88,32.13,31.67,31.78,1649992
1728,2013-07-02,31.86,32.5,31.86,32.16,1511521
1729,2013-07-03,32.11,32.55,31.7825,32.5,766171
1730,2013-07-05,32.74,33.0,32.33,32.97,385865
1731,2013-07-08,33.06,33.54,32.95,33.51,474684
1732,2013-07-09,33.73,34.41,33.73,34.23,818762
1733,2013-07-10,34.44,34.63,34.095,34.38,651000
1734,2013-07-11,34.57,34.83,34.39,34.8,420557
1735,2013-07-12,34.8,35.2399,34.8,35.06,675802
1736,2013-07-15,35.06,36.03,34.99,36.01,1195591
1737,2013-07-16,36.09,36.2699,35.8804,36.01,1179260
1738,2013-07-17,36.06,36.255,35.97,36.12,1228629
1739,2013-07-18,36.23,36.29,35.93,36.02,1196379
1740,2013-07-19,36.0,36.36,35.722,36.07,1258771
1741,2013-07-22,36.15,36.41,35.98,36.23,264282
1742,2013-07-23,36.28,36.35,35.88,35.98,477265
1743,2013-07-24,36.24,36.24,35.97,36.09,396781
1744,2013-07-25,35.96,36.22,35.66,35.96,503849
1745,2013-07-26,35.86,35.86,35.31,35.76,511087
1746,2013-07-29,35.62,36.045,35.62,36.0,286878
1747,2013-07-30,36.15,36.42,35.82,36.3,261333
1748,2013-07-31,36.34,36.56,36.1,36.13,325261
1749,2013-08-01,36.37,37.27,36.28,36.95,455189
1750,2013-08-02,36.93,36.93,36.39,36.56,307759
1751,2013-08-05,36.44,36.8,36.29,36.68,259981
1752,2013-08-06,36.59,36.84,35.895,36.24,685211
1753,2013-08-07,36.13,36.38,35.8701,36.0,275714
1754,2013-08-08,36.15,36.5,35.86,35.87,348624
1755,2013-08-09,35.81,36.105,35.441,35.68,606531
1756,2013-08-12,35.52,35.935,35.25,35.8,351854
1757,2013-08-13,35.89,36.13,35.605,36.0,264404
1758,2013-08-14,35.9,36.18,35.84,35.99,316238
1759,2013-08-15,35.44,35.75,34.61,34.61,637576
1760,2013-08-16,34.39,34.4,33.77,33.77,376970
1761,2013-08-19,33.63,33.7,33.29,33.3,470085
1762,2013-08-20,33.4,33.695,33.05,33.21,1215387
1763,2013-08-21,33.16,33.16,32.43,32.47,1024939
1764,2013-08-22,32.43,32.87,32.4,32.49,766964
1765,2013-08-23,32.0,32.46,31.56,32.25,1336149
1766,2013-08-26,33.12,34.46,33.12,34.02,1480364
1767,2013-08-27,33.63,34.15,33.53,33.93,926867
1768,2013-08-28,34.0,34.71,34.0,34.12,684040
1769,2013-08-29,34.13,34.7,34.13,34.64,674883
1770,2013-08-30,35.35,35.75,34.7601,35.42,1757694
1771,2013-09-03,35.65,35.81,34.25,34.4,1224573
1772,2013-09-04,34.53,35.06,34.41,34.79,590537
1773,2013-09-05,34.77,35.24,34.77,34.99,375433
1774,2013-09-06,35.0,35.21,34.46,34.91,331813
1775,2013-09-09,34.94,35.4,34.94,35.27,262140
1776,2013-09-10,35.47,35.65,35.12,35.62,481868
1777,2013-09-11,35.65,35.86,35.438,35.77,280268
1778,2013-09-12,35.62,35.96,35.535,35.87,307076
1779,2013-09-13,35.99,36.44,35.82,36.28,603192
1780,2013-09-16,36.73,37.235,36.73,37.01,632285
1781,2013-09-17,37.13,37.56,37.11,37.54,532742
1782,2013-09-18,37.65,37.975,36.98,37.93,521047
1783,2013-09-19,37.87,37.93,37.23,37.36,773641
1784,2013-09-20,37.56,37.6,37.13,37.27,795517
1785,2013-09-23,37.32,37.48,36.95,37.25,499139
1786,2013-09-24,37.38,37.97,37.32,37.66,461710
1787,2013-09-25,37.84,37.84,36.82,37.19,226653
1788,2013-09-26,37.14,37.78,37.14,37.38,230543
1789,2013-09-27,37.31,37.37,37.02,37.02,192332
1790,2013-09-30,36.71,37.3,36.68,37.09,265847
1791,2013-10-01,37.09,37.87,37.03,37.49,534787
1792,2013-10-02,37.31,37.37,36.74,37.19,292518
1793,2013-10-03,37.06,37.33,36.65,36.78,419433
1794,2013-10-04,36.87,36.95,36.45,36.55,412995
1795,2013-10-07,36.3,36.48,35.99,36.15,406527
1796,2013-10-08,36.22,36.38,35.43,35.91,484480
1797,2013-10-09,35.86,35.91,35.26,35.38,474999
1798,2013-10-10,35.69,35.92,35.57,35.88,303344
1799,2013-10-11,35.77,36.1,35.65,36.02,332015
1800,2013-10-14,35.92,36.49,35.72,36.31,326061
1801,2013-10-15,36.31,36.31,35.53,35.84,259419
1802,2013-10-16,35.95,36.49,35.67,36.24,416145
1803,2013-10-17,36.22,36.79,36.11,36.78,232871
1804,2013-10-18,36.79,37.37,36.59,36.99,381875
1805,2013-10-21,36.94,37.15,36.65,36.91,248445
1806,2013-10-22,37.07,37.49,36.91,37.1,868334
1807,2013-10-23,37.1,37.11,36.74,36.96,144117
1808,2013-10-24,36.91,37.03,36.64,36.65,434550
1809,2013-10-25,36.72,37.25,36.555,37.01,443251
1810,2013-10-28,37.19,37.5,36.94,37.05,516135
1811,2013-10-29,37.27,37.47,36.892,37.05,491744
1812,2013-10-30,37.05,37.14,36.44,36.83,349230
1813,2013-10-31,36.82,36.85,36.34,36.36,323076
1814,2013-11-01,36.54,37.05,36.21,36.79,355152
1815,2013-11-04,37.0,37.07,36.71,36.87,398126
1816,2013-11-05,36.84,36.98,36.475,36.65,416529
1817,2013-11-06,36.84,37.07,36.58,36.89,415927
1818,2013-11-07,36.99,37.09,35.63,35.64,500705
1819,2013-11-08,35.7,35.8,35.4,35.67,334496
1820,2013-11-11,35.73,36.9,35.5,36.88,358207
1821,2013-11-12,36.91,37.2,36.79,37.15,557759
1822,2013-11-13,37.1,37.86,37.1,37.78,636569
1823,2013-11-14,37.64,37.75,37.05,37.26,583983
1824,2013-11-15,37.28,37.72,36.87,37.72,521836
1825,2013-11-18,37.83,38.19,37.33,37.58,535098
1826,2013-11-19,37.48,38.17,37.16,37.85,360002
1827,2013-11-20,37.86,38.5,37.83,38.07,438852
1828,2013-11-21,37.65,38.145,37.61,38.0,324271
1829,2013-11-22,37.91,38.43,37.91,38.13,765249
1830,2013-11-25,38.14,38.6,37.98,38.13,412973
1831,2013-11-26,38.18,38.32,37.98,38.17,551103
1832,2013-11-27,38.31,38.52,38.08,38.34,326394
1833,2013-11-29,38.33,38.64,38.09,38.33,271178
1834,2013-12-02,38.28,38.83,38.0,38.67,604886
1835,2013-12-03,38.74,39.015,38.26,38.96,686318
1836,2013-12-04,38.75,38.796,36.01,37.16,3232016
1837,2013-12-05,37.05,37.24,36.2,37.13,1573729
1838,2013-12-06,34.05,34.25,31.52,32.47,6739901
1839,2013-12-09,32.05,32.24,31.12,31.23,4209151
1840,2013-12-10,31.19,31.22,30.22,30.69,2204600
1841,2013-12-11,30.67,31.46,30.61,31.03,1604131
1842,2013-12-12,30.94,31.17,30.81,31.02,1175826
1843,2013-12-13,31.01,31.09,30.61,30.92,992610
1844,2013-12-16,30.9,31.2996,30.8,30.94,602798
1845,2013-12-17,30.9,31.5,30.9,30.96,1005452
1846,2013-12-18,30.94,31.555,30.87,31.31,1071628
1847,2013-12-19,31.32,31.35,30.84,30.86,569132
1848,2013-12-20,30.8,31.33,30.7,31.29,960541
1849,2013-12-23,31.31,31.55,31.23,31.52,523685
1850,2013-12-24,31.59,31.68,31.5,31.57,216557
1851,2013-12-26,31.62,31.92,31.59,31.87,437973
1852,2013-12-27,31.92,32.16,31.85,32.12,531662
1853,2013-12-30,32.04,32.14,31.93,32.06,718185
1854,2013-12-31,32.02,32.45,32.0,32.29,566538
1855,2014-01-02,32.3,32.34,31.95,32.04,698196
1856,2014-01-03,32.09,32.34,32.04,32.13,304317
1857,2014-01-06,32.13,32.23,31.29,31.38,1472132
1858,2014-01-07,31.44,31.97,31.33,31.65,1778778
1859,2014-01-08,31.62,32.09,31.35,32.04,1638961
1860,2014-01-09,31.83,31.83,30.76,30.95,1468147
1861,2014-01-10,30.78,31.04,30.7,30.9,942706
1862,2014-01-13,30.86,30.905,29.91,30.09,1123997
1863,2014-01-14,30.07,30.54,29.97,30.32,657151
1864,2014-01-15,30.36,30.595,30.25,30.51,527244
1865,2014-01-16,30.96,31.32,28.71,28.98,2734264
1866,2014-01-17,28.84,29.04,28.01,28.38,2468822
1867,2014-01-21,28.45,28.77,27.93,28.71,1130166
1868,2014-01-22,28.75,28.77,28.23,28.24,675254
1869,2014-01-23,28.07,28.25,27.81,28.2,664377
1870,2014-01-24,28.16,28.2,27.25,27.69,1621900
1871,2014-01-27,27.69,28.18,27.5,28.01,683992
1872,2014-01-28,28.0,28.1,27.47,27.49,840022
1873,2014-01-29,27.4,27.59,26.94,26.97,1270691
1874,2014-01-30,27.07,27.11,26.7,26.91,1460659
1875,2014-01-31,26.7,27.03,26.49,26.79,1229584
1876,2014-02-03,26.84,26.87,25.7,25.72,1669914
1877,2014-02-04,25.83,26.05,25.67,25.89,1028565
1878,2014-02-05,25.89,25.9699,25.5,25.71,917045
1879,2014-02-06,25.72,26.69,25.63,26.54,1277708
1880,2014-02-07,26.62,27.03,26.53,26.62,622517
1881,2014-02-10,26.54,26.68,26.2,26.52,494850
1882,2014-02-11,26.56,27.295,26.41,27.25,2010008
1883,2014-02-12,27.14,27.44,26.18,26.26,1166633
1884,2014-02-13,26.11,26.905,26.06,26.56,700648
1885,2014-02-14,26.54,26.98,26.25,26.3,1078919
1886,2014-02-18,27.21,27.705,26.73,26.76,2359949
1887,2014-02-19,26.78,27.34,26.77,26.88,1478865
1888,2014-02-20,26.75,27.06,26.605,26.79,754148
1889,2014-02-21,26.78,27.63,26.71,27.36,780011
1890,2014-02-24,27.41,28.19,27.41,28.01,998137
1891,2014-02-25,28.01,28.47,27.81,28.41,837834
1892,2014-02-26,28.45,29.29,28.41,29.23,1796964
1893,2014-02-27,29.25,29.58,28.9803,29.44,1386729
1894,2014-02-28,29.42,29.81,29.25,29.55,686803
1895,2014-03-03,29.39,30.18,29.25,29.79,1040809
1896,2014-03-04,30.11,30.2,29.12,29.14,1807120
1897,2014-03-05,29.19,29.5,29.039,29.3,1018981
1898,2014-03-06,29.23,29.56,28.83,29.25,1754784
1899,2014-03-07,34.56,36.0,33.6,35.97,15528677
1900,2014-03-10,36.56,37.326,36.12,37.14,3917542
1901,2014-03-11,37.22,37.298,36.5,37.0,1992386
1902,2014-03-12,36.86,37.25,36.52,36.89,1231899
1903,2014-03-13,36.79,37.16,36.39,36.46,1763659
1904,2014-03-14,36.4,36.95,36.17,36.44,1206868
1905,2014-03-17,36.56,37.0,36.28,36.32,1190009
1906,2014-03-18,36.33,36.9,36.14,36.84,1282714
1907,2014-03-19,36.91,37.73,36.86,37.5,1576795
1908,2014-03-20,37.48,37.77,37.34,37.45,881538
1909,2014-03-21,37.59,38.4,37.57,38.02,1654274
1910,2014-03-24,38.0,38.33,37.15,37.47,892979
1911,2014-03-25,37.45,37.755,36.65,36.9,1167146
1912,2014-03-26,37.12,37.755,36.8,36.99,1019504
1913,2014-03-27,37.02,37.46,36.45,36.5,1452591
1914,2014-03-28,36.51,37.72,36.32,37.2,1013046
1915,2014-03-31,38.12,38.3993,37.815,37.87,1960598
1916,2014-04-01,37.74,38.28,37.69,37.96,992131
1917,2014-04-02,37.99,38.9,37.81,38.17,1308226
1918,2014-04-03,38.1,38.68,38.095,38.24,731858
1919,2014-04-04,38.39,38.58,37.48,37.51,1173123
1920,2014-04-07,37.4,37.47,36.62,36.69,991736
1921,2014-04-08,36.71,37.45,36.63,37.31,1186840
1922,2014-04-09,37.4,38.11,37.33,38.1,1110045
1923,2014-04-10,38.19,38.62,37.59,38.46,2000988
1924,2014-04-11,38.27,38.55,37.94,38.39,1294501
1925,2014-04-14,38.6,39.002,38.19,38.48,1883407
1926,2014-04-15,38.56,38.98,37.95,38.55,1101434
1927,2014-04-16,39.04,39.19,38.66,38.92,600933
1928,2014-04-17,38.92,38.95,38.53,38.72,505808
1929,2014-04-21,39.4,39.64,39.1501,39.46,1573109
1930,2014-04-22,39.29,39.73,39.19,39.2,812574
1931,2014-04-23,39.31,40.24,39.31,39.61,1586375
1932,2014-04-24,39.81,39.96,39.04,39.39,570561
1933,2014-04-25,39.38,39.83,39.15,39.47,901660
1934,2014-04-28,39.65,39.77,38.17,39.09,1260654
1935,2014-04-29,39.38,39.57,38.85,39.34,903014
1936,2014-04-30,39.31,39.54,38.61,39.5,764262
1937,2014-05-01,39.63,39.7,39.13,39.5,801352
1938,2014-05-02,39.56,39.99,39.475,39.79,652922
1939,2014-05-05,39.56,39.57,39.11,39.37,587567
1940,2014-05-06,39.43,39.69,39.01,39.15,725847
1941,2014-05-07,39.19,39.26,38.49,38.88,729264
1942,2014-05-08,38.86,39.92,38.65,38.9,764823
1943,2014-05-09,38.86,39.2,38.7,39.02,563849
1944,2014-05-12,39.07,39.96,39.07,39.81,604105
1945,2014-05-13,39.63,39.85,39.47,39.73,597415
1946,2014-05-14,39.71,39.78,39.15,39.18,515018
1947,2014-05-15,38.92,39.04,37.85,38.09,942401
1948,2014-05-16,38.18,38.98,37.8,38.7,962764
1949,2014-05-19,38.71,38.88,38.48,38.64,616141
1950,2014-05-20,38.54,38.58,37.91,38.02,459137
1951,2014-05-21,38.21,38.4,37.27,37.36,793835
1952,2014-05-22,37.55,38.21,37.55,37.87,779191
1953,2014-05-23,37.79,38.17,37.7,37.97,340035
1954,2014-05-27,38.39,38.409,37.01,37.36,1301332
1955,2014-05-28,37.35,37.69,37.01,37.05,1054750
1956,2014-05-29,36.95,37.68,36.76,37.51,1479049
1957,2014-05-30,42.5,43.2,41.4,42.44,6966416
1958,2014-06-02,42.26,43.3,42.15,43.06,1802535
1959,2014-06-03,42.99,43.41,42.52,43.27,1152579
1960,2014-06-04,43.28,44.31,43.25,43.89,1284384
1961,2014-06-05,43.89,44.14,43.05,43.86,864284
1962,2014-06-06,44.0,44.48,43.58,43.67,766270
1963,2014-06-09,44.16,45.0,44.11,44.88,1171332
1964,2014-06-10,44.82,44.98,44.49,44.57,697335
1965,2014-06-11,44.54,44.75,44.05,44.52,668776
1966,2014-06-12,44.35,44.58,43.98,44.3,484576
1967,2014-06-13,44.48,44.88,44.26,44.68,655762
1968,2014-06-16,44.22,44.53,43.93,44.35,808808
1969,2014-06-17,44.42,45.62,44.42,45.29,688575
1970,2014-06-18,45.28,45.48,44.74,45.01,542604
1971,2014-06-19,45.06,45.24,44.72,45.05,625714
1972,2014-06-20,45.02,45.28,44.57,45.07,1474789
1973,2014-06-23,45.8,46.06,45.23,45.31,419897
1974,2014-06-24,45.11,45.22,44.44,44.6,889190
1975,2014-06-25,44.59,45.18,44.36,44.85,810915
1976,2014-06-26,45.1,45.14,43.04,44.29,2222118
1977,2014-06-27,44.27,46.29,44.02,46.17,2744329
1978,2014-06-30,45.96,46.16,45.28,45.7,955875
1979,2014-07-01,45.69,46.36,45.69,45.98,870283
1980,2014-07-02,45.91,46.07,45.61,45.75,536566
1981,2014-07-03,45.92,46.39,45.84,46.15,366768
1982,2014-07-07,45.97,46.12,45.61,45.68,494659
1983,2014-07-08,45.66,45.7,44.84,45.04,669658
1984,2014-07-09,44.99,45.83,44.945,45.45,499163
1985,2014-07-10,44.81,45.54,44.62,45.22,775494
1986,2014-07-11,45.05,45.09,43.87,44.29,688441
1987,2014-07-14,44.5,45.07,44.35,44.64,583496
1988,2014-07-15,44.6,44.75,44.22,44.45,430893
1989,2014-07-16,44.68,44.68,43.57,43.82,632833
1990,2014-07-17,43.84,43.86,43.22,43.39,520266
1991,2014-07-18,43.54,44.18,43.28,44.1,560910
1992,2014-07-21,44.0,44.06,43.29,43.48,434986
1993,2014-07-22,43.56,43.73,43.18,43.55,700238
1994,2014-07-23,43.59,43.82,43.27,43.81,498178
1995,2014-07-24,43.89,44.57,43.89,44.46,702069
1996,2014-07-25,44.27,44.46,43.59,43.65,510356
1997,2014-07-28,43.87,44.41,43.68,44.28,780959
1998,2014-07-29,44.22,44.5699,43.85,43.9,875208
1999,2014-07-30,44.14,44.77,43.88,44.23,555088
2000,2014-07-31,43.98,44.4,43.55,43.75,650837
2001,2014-08-01,43.51,43.66,42.9,43.28,1125681
2002,2014-08-04,43.42,44.24,43.32,44.09,609526
2003,2014-08-05,43.79,44.56,43.74,44.09,388766
2004,2014-08-06,43.89,44.77,43.81,44.35,487929
2005,2014-08-07,44.55,44.64,43.94,44.15,432902
2006,2014-08-08,44.48,46.1125,44.48,46.02,1229785
2007,2014-08-11,45.95,46.32,45.56,46.23,786940
2008,2014-08-12,46.18,46.33,45.49,45.77,480397
2009,2014-08-13,45.85,46.3,45.1,46.15,508112
2010,2014-08-14,46.29,46.935,46.06,46.8,581910
2011,2014-08-15,47.11,47.21,45.93,46.38,721881
2012,2014-08-18,46.96,47.46,46.85,47.13,536515
2013,2014-08-19,47.41,47.76,47.09,47.47,483647
2014,2014-08-20,47.5,47.75,47.16,47.58,568976
2015,2014-08-21,47.55,47.55,46.97,47.15,468693
2016,2014-08-22,47.25,47.47,47.07,47.25,678946
2017,2014-08-25,47.53,47.59,47.01,47.38,598128
2018,2014-08-26,47.62,48.42,47.56,47.97,870774
2019,2014-08-27,48.15,48.52,47.82,47.96,888692
2020,2014-08-28,47.79,48.057,47.09,47.2,1324900
2021,2014-08-29,46.69,46.75,45.72,46.35,3005084
2022,2014-09-02,46.49,46.77,45.84,46.5,1094742
2023,2014-09-03,46.55,46.55,45.67,45.8,967686
2024,2014-09-04,45.98,46.16,45.68,45.92,852480
2025,2014-09-05,45.82,46.46,45.65,46.45,675596
2026,2014-09-08,46.44,46.44,45.92,46.33,779069
2027,2014-09-09,46.1,46.7,45.99,46.37,1035230
2028,2014-09-10,46.14,46.3,45.6,46.14,945892
2029,2014-09-11,45.84,46.67,45.7,46.6,1399415
2030,2014-09-12,46.63,47.16,46.43,47.13,1000593
2031,2014-09-15,47.21,47.32,46.57,46.7,989731
2032,2014-09-16,46.62,47.64,46.365,47.33,1061472
2033,2014-09-17,47.26,47.33,46.54,46.69,700349
2034,2014-09-18,46.82,47.02,46.495,46.61,433621
2035,2014-09-19,46.87,46.87,45.55,45.66,1126023
2036,2014-09-22,45.66,45.76,44.91,45.03,544464
2037,2014-09-23,44.71,45.22,44.32,44.33,803265
2038,2014-09-24,44.47,44.8,44.27,44.68,559308
2039,2014-09-25,44.58,44.77,44.2,44.6,703519
2040,2014-09-26,44.58,45.11,44.54,44.91,482331
2041,2014-09-29,44.55,45.04,44.35,44.83,491442
2042,2014-09-30,44.73,44.73,43.01,43.05,1273343
2043,2014-10-01,42.94,43.15,42.51,42.75,1402177
2044,2014-10-02,42.66,43.04,41.69,42.78,1162682
2045,2014-10-03,43.16,44.89,42.78,44.46,1692787
2046,2014-10-06,44.56,44.63,43.85,43.92,928633
2047,2014-10-07,43.7,44.13,43.42,43.43,912645
2048,2014-10-08,43.52,44.975,43.28,44.89,1071677
2049,2014-10-09,44.82,44.9,43.88,44.33,1279077
2050,2014-10-10,44.19,44.92,43.74,44.4,1628799
2051,2014-10-13,44.22,44.35,43.415,43.48,1273901
2052,2014-10-14,43.7,44.35,43.2936,44.26,1410486
2053,2014-10-15,43.73,44.03,42.74,43.05,1578994
2054,2014-10-16,42.0,42.79,41.23,42.65,1527736
2055,2014-10-17,43.37,44.64,43.18,44.33,1426758
2056,2014-10-20,44.31,45.49,44.265,45.35,938766
2057,2014-10-21,45.58,46.79,45.44,46.1,1444627
2058,2014-10-22,46.32,46.64,45.56,45.6,799667
2059,2014-10-23,45.9,46.38,45.56,45.8,912833
2060,2014-10-24,45.71,45.92,45.25,45.58,719980
2061,2014-10-27,45.41,45.58,44.89,45.11,988727
2062,2014-10-28,45.15,45.42,44.89,45.41,1047541
2063,2014-10-29,45.39,45.78,44.82,44.82,1421820
2064,2014-10-30,44.68,45.23,44.68,44.95,919642
2065,2014-10-31,45.71,45.89,45.12,45.65,1415811
2066,2014-11-03,45.68,45.84,45.3,45.61,613423
2067,2014-11-04,45.71,45.9,44.88,44.94,859599
2068,2014-11-05,45.25,45.6295,44.49,44.49,1274471
2069,2014-11-06,44.66,46.54,44.36,46.01,1746997
2070,2014-11-07,46.04,47.195,45.9,47.14,1013204
2071,2014-11-10,47.04,47.44,46.83,47.0,615445
2072,2014-11-11,47.0,47.41,46.82,47.07,547669
2073,2014-11-12,47.04,48.46,47.04,48.39,642932
2074,2014-11-13,48.56,50.0,48.3,49.75,2288493
2075,2014-11-14,49.65,50.53,49.5175,49.79,1151943
2076,2014-11-17,49.55,49.97,47.48,47.62,1390257
2077,2014-11-18,47.49,48.62,47.4707,48.23,1028310
2078,2014-11-19,48.19,48.76,47.71,48.59,513676
2079,2014-11-20,48.63,50.47,48.63,50.32,1140315
2080,2014-11-21,50.76,50.83,50.0,50.25,1185690
2081,2014-11-24,50.29,50.92,50.12,50.44,767546
2082,2014-11-25,50.56,50.75,50.02,50.14,708112
2083,2014-11-26,50.24,50.49,49.71,49.8,682762
2084,2014-11-28,49.8,51.75,49.8,50.8,567712
2085,2014-12-01,48.58,48.59,47.14,47.57,1751600
2086,2014-12-02,48.05,48.78,47.44,47.92,1021280
2087,2014-12-03,48.07,48.705,47.82,48.54,956552
2088,2014-12-04,48.3,48.5399,47.46,47.95,1570338
2089,2014-12-05,44.489,44.53,39.94,40.0,9258047
2090,2014-12-08,39.74,41.53,39.59,41.25,3608640
2091,2014-12-09,40.6,41.41,39.91,41.18,1983205
2092,2014-12-10,41.26,41.47,39.9,39.97,1341221
2093,2014-12-11,40.12,41.15,40.06,40.67,1547081
2094,2014-12-12,40.19,40.82,39.73,39.98,1138651
2095,2014-12-15,40.29,40.35,38.545,38.8,2068771
2096,2014-12-16,38.99,39.14,38.15,38.38,1632446
2097,2014-12-17,38.71,39.87,38.46,39.76,1117116
2098,2014-12-18,40.17,40.2,39.5,39.79,1056780
2099,2014-12-19,39.85,39.85,38.19,38.39,2631485
2100,2014-12-22,38.5,38.95,38.32,38.92,943502
2101,2014-12-23,39.07,39.49,38.59,38.61,871648
2102,2014-12-24,38.71,39.59,38.63,39.31,499502
2103,2014-12-26,39.3,39.46,38.8,38.94,563750
2104,2014-12-29,38.94,39.35,38.65,39.09,869794
2105,2014-12-30,39.18,40.47,39.06,40.15,918361
2106,2014-12-31,40.19,41.12,40.0,40.02,800851
2107,2015-01-02,40.36,40.46,38.98,39.29,608723
2108,2015-01-05,39.07,40.14,38.77,39.74,1601950
2109,2015-01-06,39.69,40.1,38.74,39.31,1896568
2110,2015-01-07,39.71,41.72,39.71,41.63,2196628
2111,2015-01-08,42.06,43.85,42.01,43.76,2345743
2112,2015-01-09,43.59,44.16,43.01,43.69,1762645
2113,2015-01-12,43.91,44.62,43.08,44.43,1623216
2114,2015-01-13,44.69,46.2,44.28,44.63,2007722
2115,2015-01-14,44.46,45.65,43.85,45.38,1519676
2116,2015-01-15,45.51,45.95,44.22,44.73,1473047
2117,2015-01-16,44.7,45.62,44.42,45.55,1006848
2118,2015-01-20,45.65,45.65,43.64,44.14,946101
2119,2015-01-21,44.24,44.9,43.96,44.53,915948
2120,2015-01-22,44.62,45.54,44.48,45.17,972852
2121,2015-01-23,45.29,47.03,44.72,46.76,1122676
2122,2015-01-26,46.62,47.54,46.2458,47.45,904367
2123,2015-01-27,47.11,47.96,46.68,47.6,931292
2124,2015-01-28,47.96,48.22,46.07,46.1,1140184
2125,2015-01-29,46.32,46.9,45.76,46.8,830896
2126,2015-01-30,46.54,46.76,45.4,45.91,952131
2127,2015-02-02,45.9,46.22,44.45,46.09,858418
2128,2015-02-03,46.09,47.25,46.01,47.2,721448
2129,2015-02-04,46.79,47.75,46.7,47.48,754651
2130,2015-02-05,47.52,48.0,47.01,47.45,637972
2131,2015-02-06,47.49,47.77,47.02,47.58,456946
2132,2015-02-09,47.38,47.648,46.93,46.96,587766
2133,2015-02-10,47.41,47.91,46.96,47.65,501328
2134,2015-02-11,47.73,48.142,47.31,47.78,545798
2135,2015-02-12,47.95,48.1599,47.29,48.08,373848
2136,2015-02-13,48.11,48.38,46.82,47.02,938214
2137,2015-02-17,46.67,48.09,46.41,48.06,1439760
2138,2015-02-18,47.85,48.69,47.75,48.5,469118
2139,2015-02-19,48.26,48.83,48.0325,48.21,421116
2140,2015-02-20,48.03,48.59,47.93,48.27,576093
2141,2015-02-23,48.47,48.905,47.9501,48.13,468089
2142,2015-02-24,48.5,48.9093,48.23,48.58,458388
2143,2015-02-25,48.63,48.8,48.0,48.09,563531
2144,2015-02-26,48.14,48.59,47.41,47.73,493312
2145,2015-02-27,47.77,48.14,47.42,47.71,630574
2146,2015-03-02,47.74,49.4,47.74,48.88,1724574
2147,2015-03-03,49.12,49.42,47.61,47.69,1032689
2148,2015-03-04,47.65,48.0,47.37,47.41,977284
2149,2015-03-05,47.4,47.89,47.05,47.82,1296954
2150,2015-03-06,49.2,49.9,48.36,48.52,3654547
2151,2015-03-09,49.04,51.11,48.95,50.96,2254536
2152,2015-03-10,49.75,50.25,48.42,49.13,1476822
2153,2015-03-11,49.63,50.46,49.47,49.95,1483529
2154,2015-03-12,50.39,50.77,50.01,50.44,1029347
2155,2015-03-13,50.24,50.68,50.0,50.06,794934
2156,2015-03-16,50.26,50.56,49.96,50.17,992364
2157,2015-03-17,49.97,50.25,49.589,49.85,676494
2158,2015-03-18,49.75,50.52,49.46,50.27,749015
2159,2015-03-19,50.07,50.29,49.86,50.04,483411
2160,2015-03-20,50.11,50.69,49.7,50.14,945597
2161,2015-03-23,50.13,50.81,49.9229,50.41,661535
2162,2015-03-24,50.4,50.51,49.75,49.85,895160
2163,2015-03-25,49.85,50.45,49.08,49.08,916374
2164,2015-03-26,49.21,49.63,48.71,48.73,386025
2165,2015-03-27,48.76,49.4,48.76,48.99,522377
2166,2015-03-30,49.25,49.66,49.02,49.04,531523
2167,2015-03-31,48.91,49.31,48.02,48.03,831224
2168,2015-04-01,47.96,48.81,47.2,48.39,926215
2169,2015-04-02,48.59,49.22,48.33,49.0,740042
2170,2015-04-06,48.87,49.49,48.68,49.38,728690
2171,2015-04-07,49.26,49.61,48.44,48.5,449068
2172,2015-04-08,48.35,48.82,48.18,48.45,634022
2173,2015-04-09,47.94,48.28,47.33,47.47,613414
2174,2015-04-10,47.67,47.96,47.29,47.93,524024
2175,2015-04-13,47.7,47.825,46.99,47.03,448747
2176,2015-04-14,47.13,47.13,46.15,46.68,772271
2177,2015-04-15,46.75,47.46,46.47,46.55,664246
2178,2015-04-16,46.46,46.89,46.23,46.7,506120
2179,2015-04-17,46.55,46.8,45.93,45.95,703218
2180,2015-04-20,46.13,46.99,45.97,46.72,722377
2181,2015-04-21,47.1,47.26,46.6935,47.04,574332
2182,2015-04-22,47.0,47.23,46.51,47.15,585270
2183,2015-04-23,47.0,48.03,46.77,47.73,791412
2184,2015-04-24,47.75,48.09,47.38,47.57,885676
2185,2015-04-27,47.8,47.85,46.47,46.62,719027
2186,2015-04-28,46.57,47.38,46.15,46.7,705646
2187,2015-04-29,46.15,46.5,44.95,45.33,848004
2188,2015-04-30,45.21,45.85,45.14,45.57,1042091
2189,2015-05-01,45.74,46.53,45.53,46.13,737535
2190,2015-05-04,46.11,46.8078,45.8,46.68,660870
2191,2015-05-05,46.68,47.535,46.51,46.96,1239756
2192,2015-05-06,47.18,47.18,45.97,46.52,796830
2193,2015-05-07,46.52,47.35,46.34,47.31,675398
2194,2015-05-08,47.61,48.13,47.47,47.99,858041
2195,2015-05-11,48.15,48.47,48.12,48.15,624543
2196,2015-05-12,47.91,48.26,47.4,48.0,850839
2197,2015-05-13,48.13,48.53,47.35,47.79,796950
2198,2015-05-14,47.67,47.67,45.99,46.06,1206548
2199,2015-05-15,46.17,46.43,45.92,46.32,701378
2200,2015-05-18,46.4,46.73,45.85,46.07,849911
2201,2015-05-19,46.0,46.12,45.13,45.18,1318007
2202,2015-05-20,45.28,45.36,44.52,45.12,976963
2203,2015-05-21,44.93,46.05,44.71,45.96,1121307
2204,2015-05-22,45.74,46.01,45.44,45.65,846126
2205,2015-05-26,45.71,46.35,45.45,45.96,1207312
2206,2015-05-27,46.04,46.37,45.25,45.3,1222147
2207,2015-05-28,45.45,45.669,44.33,45.08,2310211
2208,2015-05-29,44.99,45.95,43.75,43.9,3589553
2209,2015-06-01,44.1,45.19,43.96,44.89,1878159
2210,2015-06-02,45.77,46.64,45.73,46.32,1465522
2211,2015-06-03,46.67,46.67,46.3,46.33,1021206
2212,2015-06-04,46.26,46.63,45.82,45.91,981854
2213,2015-06-05,46.03,46.11,45.25,45.26,870379
2214,2015-06-08,45.4,46.19,45.25,45.8,679651
2215,2015-06-09,45.92,46.28,45.53,46.0,1157460
2216,2015-06-10,45.71,46.74,45.67,46.68,947827
2217,2015-06-11,46.82,47.39,46.63,46.86,736608
2218,2015-06-12,46.81,47.25,46.622,46.66,412382
2219,2015-06-15,46.48,47.04,46.03,46.67,571952
2220,2015-06-16,46.55,47.3,46.35,46.43,455169
2221,2015-06-17,46.59,46.96,46.31,46.55,496709
2222,2015-06-18,46.59,46.91,46.32,46.41,682814
2223,2015-06-19,46.45,47.03,46.37,46.53,667768
2224,2015-06-22,46.78,46.91,46.22,46.27,533238
2225,2015-06-23,46.48,47.18,46.48,46.72,789195
2226,2015-06-24,46.83,47.15,46.52,46.96,757258
2227,2015-06-25,46.95,47.13,46.01,46.22,822174
2228,2015-06-26,46.2,46.51,45.9,46.26,4242230
2229,2015-06-29,46.18,46.57,44.39,44.44,1335639
2230,2015-06-30,44.81,45.29,44.525,44.99,1299568
2231,2015-07-01,45.24,45.66,44.96,45.02,1406840
2232,2015-07-02,45.24,46.15,45.12,45.25,1038645
2233,2015-07-06,44.93,45.475,44.68,45.29,1463356
2234,2015-07-07,45.5,46.58,45.19,46.43,1154300
2235,2015-07-08,46.1,46.49,45.53,45.65,1087097
2236,2015-07-09,46.15,46.39,45.35,45.69,1075183
2237,2015-07-10,46.06,46.66,46.03,46.51,802290
2238,2015-07-13,46.81,47.245,46.56,47.1,627330
2239,2015-07-14,46.9,47.0,45.98,46.36,912857
2240,2015-07-15,46.04,46.04,44.16,44.36,1988777
2241,2015-07-16,44.54,44.7501,44.05,44.08,800492
2242,2015-07-17,44.17,44.17,42.88,43.02,746534
2243,2015-07-20,42.98,43.24,42.64,42.9,694325
2244,2015-07-21,42.99,43.21,42.806,43.13,851164
2245,2015-07-22,43.18,43.87,43.01,43.53,998185
2246,2015-07-23,43.63,43.83,43.2,43.26,925824
2247,2015-07-24,43.13,43.2,42.13,42.16,571435
2248,2015-07-27,41.91,41.96,41.37,41.81,931254
2249,2015-07-28,42.1,43.41,41.89,43.23,1152474
2250,2015-07-29,43.1,43.34,42.82,43.08,707656
2251,2015-07-30,42.89,43.27,42.71,42.99,878671
2252,2015-07-31,43.19,43.685,42.83,43.18,636327
2253,2015-08-03,43.24,43.5,42.64,42.85,638742
2254,2015-08-04,42.82,43.33,42.65,42.86,358991
2255,2015-08-05,43.12,43.8,43.05,43.27,465435
2256,2015-08-06,43.21,43.21,42.24,42.27,472430
2257,2015-08-07,42.04,42.28,41.76,41.89,544585
2258,2015-08-10,42.19,43.49,42.19,43.34,813903
2259,2015-08-11,43.1,43.5,42.36,42.48,795209
2260,2015-08-12,42.2,42.59,41.66,42.39,717121
2261,2015-08-13,42.48,43.015,42.1425,42.36,617363
2262,2015-08-14,42.53,43.36,42.33,43.06,545890
2263,2015-08-17,42.72,42.94,42.17,42.94,570975
2264,2015-08-18,42.97,43.4295,42.73,43.34,544853
2265,2015-08-19,43.23,43.57,42.72,43.22,517758
2266,2015-08-20,42.71,43.46,42.02,42.05,869593
2267,2015-08-21,41.1,42.46,40.81,41.11,1087370
2268,2015-08-24,41.06,42.97,39.77,40.85,1769403
2269,2015-08-25,42.07,42.07,40.44,40.47,1096595
2270,2015-08-26,41.14,41.6999,40.02,40.99,1867901
2271,2015-08-27,41.3,42.92,41.14,42.0,1865790
2272,2015-08-28,46.86,48.995,46.08,48.58,7094871
2273,2015-08-31,48.5,48.84,47.67,47.99,1922598
2274,2015-09-01,47.39,48.1,46.43,46.86,1322287
2275,2015-09-02,47.23,47.55,46.765,47.08,1124375
2276,2015-09-03,47.13,47.37,46.26,46.43,884144
2277,2015-09-04,45.77,46.31,45.5,45.91,687241
2278,2015-09-08,46.53,47.29,46.28,46.95,1291897
2279,2015-09-09,47.16,48.03,46.81,46.87,1184681
2280,2015-09-10,46.68,47.04,44.88,45.02,1208799
2281,2015-09-11,44.83,45.13,44.22,44.72,978421
2282,2015-09-14,44.81,44.94,44.12,44.27,701192
2283,2015-09-15,44.67,44.736,44.18,44.53,794577
2284,2015-09-16,44.5,45.63,44.458,45.57,1039903
2285,2015-09-17,45.53,46.02,45.06,45.17,539562
2286,2015-09-18,44.85,45.33,44.46,44.97,1519525
2287,2015-09-21,45.27,45.926,45.02,45.5,658051
2288,2015-09-22,45.16,46.48,44.96,46.43,1205875
2289,2015-09-23,46.3,47.115,46.19,46.87,1082821
2290,2015-09-24,46.71,47.74,46.3,47.65,1153191
2291,2015-09-25,48.01,49.18,48.01,48.99,1566284
2292,2015-09-28,49.01,49.08,47.99,48.7,1236604
2293,2015-09-29,48.26,48.95,46.9,47.37,1532371
2294,2015-09-30,47.85,48.06,47.17,47.92,1657950
2295,2015-10-01,47.76,48.53,47.3601,47.93,881909
2296,2015-10-02,47.55,48.63,46.6,48.61,1142620
2297,2015-10-05,48.92,49.22,48.57,49.04,818576
2298,2015-10-06,48.82,49.29,48.59,48.63,1204657
2299,2015-10-07,48.63,49.6299,48.27,49.52,1163653
2300,2015-10-08,49.42,49.75,48.93,49.5,994076
2301,2015-10-09,49.38,50.065,48.8435,50.01,827275
2302,2015-10-12,50.14,50.148,49.5,49.52,776581
2303,2015-10-13,49.07,49.98,48.9,49.01,954526
2304,2015-10-14,48.94,49.17,46.8,47.18,1216208
2305,2015-10-15,47.37,47.45,46.08,47.24,1565026
2306,2015-10-16,47.41,48.02,46.8966,47.82,590977
2307,2015-10-19,47.72,47.88,47.33,47.62,643650
2308,2015-10-20,47.78,47.78,47.04,47.17,696900
2309,2015-10-21,47.37,47.61,46.94,46.97,554234
2310,2015-10-22,47.09,47.99,46.86,47.04,654794
2311,2015-10-23,47.42,47.55,45.63,46.16,782059
2312,2015-10-26,46.04,47.08,45.9,46.76,573451
2313,2015-10-27,46.62,47.36,46.29,46.69,742465
2314,2015-10-28,46.84,48.37,46.5,48.36,477539
2315,2015-10-29,48.05,48.38,47.16,47.8,598524
2316,2015-10-30,47.43,47.44,45.75,46.1,1715257
2317,2015-11-02,45.94,46.95,44.81,46.77,1074153
2318,2015-11-03,47.09,48.066,46.86,47.47,501898
2319,2015-11-04,47.35,47.6,46.64,47.24,525916
2320,2015-11-05,47.59,47.93,46.88,47.9,404668
2321,2015-11-06,47.67,48.07,47.27,48.04,857090
2322,2015-11-09,47.97,48.1399,46.605,47.08,405562
2323,2015-11-10,47.0,47.89,46.7,47.67,471917
2324,2015-11-11,47.39,47.65,46.1,46.14,811989
2325,2015-11-12,46.11,46.37,45.12,45.14,525067
2326,2015-11-13,44.52,44.6899,41.04,41.47,1955245
2327,2015-11-16,41.29,42.21,41.01,42.19,444378
2328,2015-11-17,42.61,43.81,42.49,43.56,990704
2329,2015-11-18,43.4,43.96,43.06,43.88,530108
2330,2015-11-19,43.78,44.0,43.1,43.42,489447
2331,2015-11-20,43.82,44.8,43.79,44.32,565275
2332,2015-11-23,44.18,46.08,44.1,45.97,866503
2333,2015-11-24,45.41,47.54,45.12,46.99,757574
2334,2015-11-25,47.13,47.705,46.84,47.24,518419
2335,2015-11-27,47.39,47.44,46.39,47.38,265124
2336,2015-11-30,47.4,47.7099,44.785,44.99,1038604
2337,2015-12-01,45.01,45.46,44.57,45.03,762125
2338,2015-12-02,44.95,45.92,44.82,45.16,1281339
2339,2015-12-03,45.58,45.58,42.5,42.74,2130550
2340,2015-12-04,41.48,42.48,39.07,40.04,4762637
2341,2015-12-07,39.58,40.42,38.96,40.21,1961852
2342,2015-12-08,39.7,39.97,38.99,39.25,1501846
2343,2015-12-09,38.89,39.49,38.61,38.75,829307
2344,2015-12-10,38.71,38.93,38.19,38.65,911133
2345,2015-12-11,38.15,38.84,38.05,38.35,924594
2346,2015-12-14,38.32,38.73,37.68,38.21,949033
2347,2015-12-15,38.35,39.24,38.03,38.43,952877
2348,2015-12-16,38.7,38.88,38.15,38.59,778635
2349,2015-12-17,38.7,38.7,37.6,37.65,783596
2350,2015-12-18,37.47,38.31,37.41,38.15,1591012
2351,2015-12-21,38.05,38.66,37.91,38.63,631192
2352,2015-12-22,38.67,39.5,38.45,39.23,591197
2353,2015-12-23,39.41,39.83,38.8,39.7,594988
2354,2015-12-24,39.62,39.72,39.02,39.16,411335
2355,2015-12-28,39.19,39.29,38.6,39.22,390496
2356,2015-12-29,39.32,40.29,39.32,39.85,406183
2357,2015-12-30,39.71,40.04,38.92,39.03,757583
2358,2015-12-31,38.97,39.33,38.52,38.54,694259
2359,2016-01-04,38.04,38.97,37.7,38.34,914752
2360,2016-01-05,38.54,38.7799,37.55,38.32,1014027
2361,2016-01-06,37.96,38.215,37.27,37.81,868081
2362,2016-01-07,37.27,38.2,37.16,37.58,897776
2363,2016-01-08,37.5,38.35,36.87,37.0,1476158
2364,2016-01-11,37.31,37.64,36.33,36.72,816080
2365,2016-01-12,37.82,40.635,37.47,38.56,1974118
2366,2016-01-13,38.47,38.54,37.14,37.21,1096989
2367,2016-01-14,37.07,37.64,36.0,36.62,1314503
2368,2016-01-15,35.26,36.23,33.78,35.96,1022733
2369,2016-01-19,36.35,36.53,35.52,35.88,976141
2370,2016-01-20,35.5,36.42,34.8,36.15,809098
2371,2016-01-21,36.35,37.31,35.9,36.32,971640
2372,2016-01-22,36.8,36.98,36.24,36.79,604515
2373,2016-01-25,36.65,36.765,36.02,36.09,377713
2374,2016-01-26,36.18,37.58,36.18,37.37,403788
2375,2016-01-27,37.31,37.71,36.7,37.08,483722
2376,2016-01-28,37.36,37.62,36.88,37.29,356357
2377,2016-01-29,37.45,38.81,37.45,38.78,585912
2378,2016-02-01,38.4,39.22,38.21,39.2,875484
2379,2016-02-02,39.0,39.35,38.72,39.24,746832
2380,2016-02-03,39.39,39.43,38.33,39.02,821417
2381,2016-02-04,38.48,38.56,37.01,37.75,922892
2382,2016-02-05,37.7,38.1594,37.04,37.34,739396
2383,2016-02-08,37.02,37.2661,36.45,37.14,668799
2384,2016-02-09,36.82,37.43,36.195,36.34,677119
2385,2016-02-10,36.58,37.33,36.37,36.63,497521
2386,2016-02-11,36.25,36.809,35.86,36.19,456024
2387,2016-02-12,36.37,36.71,35.9,36.25,661448
2388,2016-02-16,36.61,37.89,36.31,37.62,951769
2389,2016-02-17,37.77,38.31,37.44,37.78,894012
2390,2016-02-18,37.36,38.26,36.44,38.02,1193232
2391,2016-02-19,37.77,37.93,37.14,37.75,723556
2392,2016-02-22,37.56,38.2799,37.45,38.11,662817
2393,2016-02-23,38.53,38.98,38.0,38.68,753823
2394,2016-02-24,38.54,39.92,38.36,39.79,724006
2395,2016-02-25,40.04,40.0599,39.285,39.84,647143
2396,2016-02-26,39.93,40.45,39.715,40.33,515333
2397,2016-02-29,40.27,40.87,40.11,40.45,546563
2398,2016-03-01,40.37,41.72,40.03,41.71,940379
2399,2016-03-02,41.51,41.66,40.89,41.6,682620
2400,2016-03-03,41.25,42.02,41.23,41.89,1378891
2401,2016-03-04,42.4,43.97,42.4,42.9,1794717
2402,2016-03-07,43.09,46.13,42.46,45.5,2258813
2403,2016-03-08,45.63,45.91,44.5,44.58,912835
2404,2016-03-09,44.78,45.03,44.16,44.87,574314
2405,2016-03-10,45.47,45.92,44.47,45.65,1091954
2406,2016-03-11,45.86,46.065,45.5,45.61,759761
2407,2016-03-14,45.91,46.01,44.43,44.89,927682
2408,2016-03-15,44.71,44.94,43.98,44.12,701269
2409,2016-03-16,43.09,44.14,43.04,43.86,909864
2410,2016-03-17,43.78,44.89,43.33,44.77,845419
2411,2016-03-18,44.73,45.23,44.35,44.65,967081
2412,2016-03-21,44.48,45.3002,44.38,45.23,723576
2413,2016-03-22,45.04,45.3299,44.44,44.8,772478
2414,2016-03-23,44.69,44.69,43.46,43.78,884094
2415,2016-03-24,43.51,44.54,43.24,44.22,768600
2416,2016-03-28,44.27,45.5,44.05,45.12,802281
2417,2016-03-29,45.29,45.58,44.835,45.41,604105
2418,2016-03-30,45.54,45.67,45.23,45.41,597256
2419,2016-03-31,45.36,45.72,44.66,45.29,707561
2420,2016-04-01,45.29,45.66,45.12,45.2,869608
2421,2016-04-04,45.19,45.5,44.35,45.17,769569
2422,2016-04-05,44.73,45.18,44.19,44.24,866545
2423,2016-04-06,44.37,44.74,43.68,44.52,818100
2424,2016-04-07,44.36,44.86,43.8,44.35,1029259
2425,2016-04-08,44.73,44.73,43.91,44.52,847611
2426,2016-04-11,44.61,45.3,44.46,44.83,900595
2427,2016-04-12,44.93,45.62,44.37,45.42,884622
2428,2016-04-13,45.43,46.5,45.2218,46.19,815274
2429,2016-04-14,45.91,46.09,44.96,45.59,764769
2430,2016-04-15,45.55,46.49,45.12,46.31,767346
2431,2016-04-18,45.89,46.55,45.89,46.28,608172
2432,2016-04-19,46.5,46.97,46.5,46.64,718363
2433,2016-04-20,46.47,47.2,46.31,46.96,681852
2434,2016-04-21,47.06,47.45,46.28,46.5,597617
2435,2016-04-22,46.42,46.88,46.16,46.25,614851
2436,2016-04-25,46.02,47.08,45.83,46.89,584234
2437,2016-04-26,46.89,47.95,46.55,47.68,1134295
2438,2016-04-27,47.53,47.875,46.73,47.1,893859
2439,2016-04-28,46.99,47.45,46.64,46.92,603628
2440,2016-04-29,46.8,46.8,45.55,45.86,765217
2441,2016-05-02,46.13,47.04,45.76,46.44,524599
2442,2016-05-03,46.27,46.31,45.74,46.02,478275
2443,2016-05-04,45.91,46.44,45.78,45.92,470047
2444,2016-05-05,46.0,46.0,45.0,45.22,768517
2445,2016-05-06,45.14,45.72,44.63,45.61,669655
2446,2016-05-09,45.99,46.93,45.46,46.7,569162
2447,2016-05-10,46.58,46.58,45.93,45.98,572124
2448,2016-05-11,45.3,45.71,44.44,44.54,1067944
2449,2016-05-12,44.41,44.98,44.0,44.43,1420835
2450,2016-05-13,44.14,45.19,43.76,43.78,1413463
2451,2016-05-16,43.81,45.12,43.695,44.47,1004542
2452,2016-05-17,44.56,44.895,43.9,44.07,1312998
2453,2016-05-18,43.5,43.65,41.71,41.86,2212817
2454,2016-05-19,42.36,43.61,42.25,42.93,1026472
2455,2016-05-20,42.92,43.67,42.29,43.64,1019645
2456,2016-05-23,42.07,43.61,41.94,41.99,2016999
2457,2016-05-24,41.81,43.65,41.67,43.34,1894493
2458,2016-05-25,43.25,43.78,42.87,43.66,966040
2459,2016-05-26,44.32,45.36,44.17,44.66,2214760
2460,2016-05-27,50.0,51.07,47.9,50.95,7304817
2461,2016-05-31,50.95,53.053,50.74,52.3,3563571
2462,2016-06-01,52.23,52.42,50.95,52.42,2364270
2463,2016-06-02,51.95,52.685,51.05,52.35,1417811
2464,2016-06-03,52.68,53.35,51.89,53.08,1327908
2465,2016-06-06,53.15,53.189,51.92,52.02,1532463
2466,2016-06-07,51.95,53.015,51.95,52.85,1402971
2467,2016-06-08,52.5,53.2,52.3,53.07,931869
2468,2016-06-09,53.04,53.2,52.48,52.89,889008
2469,2016-06-10,52.43,52.75,52.08,52.66,1045818
2470,2016-06-13,52.53,52.58,51.27,51.42,1199979
2471,2016-06-14,51.56,51.84,50.42,50.69,1519441
2472,2016-06-15,51.07,51.85,50.88,51.0,1016063
2473,2016-06-16,50.88,51.115,50.26,50.52,1035116
2474,2016-06-17,50.71,51.1,50.15,50.22,2098255
2475,2016-06-20,50.7,51.06,50.37,50.58,904727
2476,2016-06-21,50.53,50.77,49.57,49.59,1289546
2477,2016-06-22,49.9,50.35,49.32,49.61,1121619
2478,2016-06-23,49.98,49.98,49.2,49.26,931890
2479,2016-06-24,48.7,49.71,48.15,49.29,1694061
2480,2016-06-27,48.98,49.23,47.94,49.04,951571
2481,2016-06-28,49.07,49.79,49.07,49.68,928650
2482,2016-06-29,50.44,50.94,49.9,50.44,1295348
2483,2016-06-30,50.66,50.73,49.93,50.11,1175136
2484,2016-07-01,50.08,50.6799,49.671,50.09,737103
2485,2016-07-05,50.18,51.0,49.71,49.98,1086554
2486,2016-07-06,49.73,50.18,49.5,50.09,601091
2487,2016-07-07,50.24,50.76,49.83,50.27,778649
2488,2016-07-08,50.5,51.17,50.5,51.1,835299
2489,2016-07-11,51.55,53.03,51.55,52.55,1374773
2490,2016-07-12,52.62,53.2,52.52,52.73,1184151
2491,2016-07-13,52.63,53.45,52.08,52.14,1579976
2492,2016-07-14,52.36,52.51,51.34,51.35,796606
2493,2016-07-15,51.55,51.7899,50.57,51.37,1012932
2494,2016-07-18,51.44,52.64,51.39,52.59,681689
2495,2016-07-19,52.73,52.94,52.17,52.32,671591
2496,2016-07-20,52.36,53.0,52.09,52.82,518430
2497,2016-07-21,52.83,52.92,52.32,52.42,516058
2498,2016-07-22,52.51,53.4,52.29,53.28,952207
2499,2016-07-25,53.38,53.83,52.97,53.81,1319976
2500,2016-07-26,53.81,53.95,52.92,53.71,1120615
2501,2016-07-27,53.58,53.7,52.07,52.75,724070
2502,2016-07-28,52.65,52.96,51.86,52.74,652210
2503,2016-07-29,52.74,53.34,52.11,53.18,1413642
2504,2016-08-01,53.18,54.15,52.665,54.09,946538
2505,2016-08-02,53.5,53.8,51.14,51.18,1820031
2506,2016-08-03,50.65,52.49,49.74,52.47,1157119
2507,2016-08-04,52.4,53.16,52.315,52.57,590140
2508,2016-08-05,52.84,54.55,52.77,53.63,1002803
2509,2016-08-08,53.99,54.42,53.57,53.7,847876
2510,2016-08-09,53.52,54.37,52.565,53.63,760455
2511,2016-08-10,53.7,54.28,53.18,53.97,467414
2512,2016-08-11,54.45,55.9,53.98,54.8,1344927
2513,2016-08-12,54.99,55.27,54.3,55.26,812592
2514,2016-08-15,55.26,56.3,55.07,55.76,936255
2515,2016-08-16,55.55,55.6,54.74,54.92,701486
2516,2016-08-17,54.73,55.175,54.02,54.5,539608
2517,2016-08-18,54.73,54.87,54.11,54.49,560943
2518,2016-08-19,54.28,54.46,53.07,53.45,1354752
2519,2016-08-22,53.23,53.52,52.76,53.3,677453
2520,2016-08-23,53.45,56.02,53.45,55.56,1679249
2521,2016-08-24,55.0,55.47,54.58,55.32,1301205
2522,2016-08-25,53.93,54.995,51.4884,52.94,3308774
2523,2016-08-26,54.47,54.99,50.12,50.57,4571318
2524,2016-08-29,51.04,51.88,50.58,51.22,1838083
2525,2016-08-30,51.22,51.509,49.75,50.01,1274725
2526,2016-08-31,50.03,50.3,48.9401,49.32,1367955
2527,2016-09-01,49.18,49.94,48.9501,49.4,926524
2528,2016-09-02,49.72,50.21,49.52,49.89,911306
2529,2016-09-06,49.86,50.01,49.11,49.44,1084801
2530,2016-09-07,48.88,49.49,48.56,49.41,790011
2531,2016-09-08,49.07,49.44,48.89,49.15,720479
2532,2016-09-09,48.65,48.925,48.28,48.29,1431238
2533,2016-09-12,48.01,48.83,47.99,48.69,954119
2534,2016-09-13,48.51,48.51,47.29,47.39,962802
2535,2016-09-14,47.38,47.89,45.83,47.53,818854
2536,2016-09-15,47.56,47.92,47.13,47.9,712784
2537,2016-09-16,47.82,48.0,47.19,47.28,1617503
2538,2016-09-19,47.52,47.83,46.685,47.0,1176447
2539,2016-09-20,47.34,47.63,46.83,47.2,959787
2540,2016-09-21,47.14,48.12,47.09,48.01,1058063
2541,2016-09-22,48.14,48.75,47.43,47.82,1177094
2542,2016-09-23,47.35,47.96,46.09,46.5,874651
2543,2016-09-26,46.02,46.41,45.78,46.22,889670
2544,2016-09-27,46.4,47.4799,46.37,47.41,1137584
2545,2016-09-28,47.54,47.59,46.31,46.78,1236119
2546,2016-09-29,47.03,47.9,46.97,47.81,1226309
2547,2016-09-30,48.18,48.46,47.73,47.75,968429
2548,2016-10-03,47.56,48.0,47.37,47.81,950707
2549,2016-10-04,47.81,47.85,46.83,46.97,1109435
2550,2016-10-05,47.28,47.4,46.5,46.52,872692
2551,2016-10-06,46.26,46.91,45.98,46.88,603394
2552,2016-10-07,46.93,47.51,46.55,47.1,541509
2553,2016-10-10,47.1,47.39,46.45,46.49,657084
2554,2016-10-11,46.43,46.47,45.68,45.98,723409
2555,2016-10-12,46.15,46.66,46.0,46.45,689565
2556,2016-10-13,46.25,46.3375,45.165,45.22,795124
2557,2016-10-14,45.32,45.4499,44.72,44.81,1022140
2558,2016-10-17,44.81,45.09,44.15,44.33,1099365
2559,2016-10-18,44.62,44.85,44.46,44.61,759524
2560,2016-10-19,44.64,44.84,43.98,44.79,972475
2561,2016-10-20,44.79,44.81,44.48,44.61,564582
2562,2016-10-21,44.43,44.705,44.01,44.68,796834
2563,2016-10-24,45.15,45.28,44.55,44.92,482600
2564,2016-10-25,44.47,44.675,43.81,43.83,919845
2565,2016-10-26,43.56,44.075,43.285,43.29,1073091
2566,2016-10-27,43.28,43.52,42.4,42.69,975108
2567,2016-10-28,42.69,43.67,42.4346,43.15,1008605
2568,2016-10-31,43.26,43.445,42.86,43.4,602719
2569,2016-11-01,43.4,43.56,42.58,42.87,1113628
2570,2016-11-02,42.63,43.8,42.63,43.51,696806
2571,2016-11-03,43.48,43.74,43.01,43.12,595446
2572,2016-11-04,43.18,43.94,42.74,43.64,960770
2573,2016-11-07,44.22,44.99,44.205,44.8,589939
2574,2016-11-08,44.77,45.26,44.29,44.73,469224
2575,2016-11-09,43.76,46.82,43.3201,46.59,711623
2576,2016-11-10,47.29,48.9,47.22,48.15,900546
2577,2016-11-11,48.32,50.4,47.82,50.26,990952
2578,2016-11-14,50.37,52.21,50.23,51.3,1762096
2579,2016-11-15,51.02,51.3622,50.0,50.61,1273559
2580,2016-11-16,51.51,51.59,50.17,50.65,1142914
2581,2016-11-17,50.39,51.15,50.065,51.05,1135536
2582,2016-11-18,50.76,51.18,50.36,51.06,575556
2583,2016-11-21,51.0,51.435,50.67,51.28,681221
2584,2016-11-22,51.92,53.99,51.905,53.02,1447911
2585,2016-11-23,52.78,53.11,52.18,52.59,915464
2586,2016-11-25,53.25,53.71,52.255,52.41,302650
2587,2016-11-28,52.46,52.82,51.17,51.68,851553
2588,2016-11-29,51.75,52.2,51.385,51.79,935040
2589,2016-11-30,52.02,52.02,50.36,50.61,1250148
2590,2016-12-01,50.11,50.97,49.81,50.77,2191360
2591,2016-12-02,52.7,53.7,49.67,51.39,2881487
2592,2016-12-05,51.49,52.43,50.31,51.78,1863456
2593,2016-12-06,52.0,54.115,51.56,53.87,1503961
2594,2016-12-07,53.98,54.96,53.08,54.49,1346551
2595,2016-12-08,54.47,55.87,54.0,55.5,1143582
2596,2016-12-09,55.2,55.7448,54.6,54.88,895547
2597,2016-12-12,55.11,55.16,53.78,54.17,809872
2598,2016-12-13,54.03,55.02,53.83,54.75,940288
2599,2016-12-14,54.57,54.95,53.865,54.16,529818
2600,2016-12-15,54.4,55.54,54.11,55.08,1068400
2601,2016-12-16,55.26,55.88,54.75,55.22,2295608
2602,2016-12-19,55.5,56.23,55.22,55.66,750562
2603,2016-12-20,55.89,56.54,55.68,56.02,585037
2604,2016-12-21,55.8,55.979,54.97,54.98,567843
2605,2016-12-22,54.83,54.83,50.89,50.92,1432261
2606,2016-12-23,50.99,51.72,50.99,51.3,482730
2607,2016-12-27,51.47,52.29,51.2,51.65,450644
2608,2016-12-28,51.9,52.02,50.62,50.89,433734
2609,2016-12-29,51.12,51.85,50.32,50.68,579096
2610,2016-12-30,50.72,50.96,50.03,50.21,405963
2611,2017-01-03,50.38,50.62,48.95,49.51,1430708
2612,2017-01-04,49.93,51.24,49.93,50.85,1091236
2613,2017-01-05,49.24,49.735,48.07,49.58,1770264
2614,2017-01-06,49.83,50.09,48.6,49.19,1167798
2615,2017-01-09,49.37,50.31,49.01,50.24,1178306
2616,2017-01-10,50.05,52.02,49.75,51.49,1061806
2617,2017-01-11,51.55,51.685,50.28,50.7,975970
2618,2017-01-12,50.41,50.777,49.58,50.5,737090
2619,2017-01-13,50.67,51.26,50.24,50.46,550243
2620,2017-01-17,50.68,52.56,50.06,50.2,833718
2621,2017-01-18,49.55,50.44,49.06,50.23,678906
2622,2017-01-19,50.17,50.4,49.07,49.21,859504
2623,2017-01-20,49.48,49.72,48.71,49.22,585914
2624,2017-01-23,48.84,49.22,48.5,48.7,458110
2625,2017-01-24,48.69,49.5126,48.6,49.2,826311
2626,2017-01-25,49.49,50.45,49.41,49.46,742768
2627,2017-01-26,49.75,50.035,49.22,49.28,599629
2628,2017-01-27,49.37,49.59,48.5,48.67,369301
2629,2017-01-30,48.5,48.81,47.61,48.56,817317
2630,2017-01-31,48.26,50.35,47.95,50.0,1411905
2631,2017-02-01,50.0,50.59,49.2321,49.55,873510
2632,2017-02-02,49.78,51.2,49.23,49.9,893874
2633,2017-02-03,50.12,50.68,49.49,50.51,931366
2634,2017-02-06,50.27,50.6005,49.5,49.65,1191328
2635,2017-02-07,49.65,50.37,49.29,50.33,1149705
2636,2017-02-08,50.06,51.41,49.67,51.22,851867
2637,2017-02-09,51.31,53.41,50.99,52.97,1244682
2638,2017-02-10,52.4,53.3,51.89,53.14,731716
2639,2017-02-13,53.55,53.78,51.53,51.54,670941
2640,2017-02-14,51.53,52.81,51.04,52.01,1501517
2641,2017-02-15,51.92,52.29,51.42,51.67,1054907
2642,2017-02-16,51.83,52.14,50.97,51.53,973896
2643,2017-02-17,51.53,52.3413,51.52,52.11,821519
2644,2017-02-21,52.6,53.32,52.21,52.92,519151
2645,2017-02-22,52.84,52.96,52.23,52.66,571875
2646,2017-02-23,52.9,53.48,51.27,51.35,992101
2647,2017-02-24,51.35,53.14,51.21,52.3,1556438
2648,2017-02-27,52.26,53.5,51.93,53.22,1287976
2649,2017-02-28,52.16,52.43,51.04,51.34,1859870
2650,2017-03-01,52.47,52.57,51.11,51.98,1738735
2651,2017-03-02,52.06,53.285,51.96,52.25,1815511
2652,2017-03-03,54.23,55.1,53.2539,54.23,5817426
2653,2017-03-06,54.27,54.275,53.35,53.57,2119907
2654,2017-03-07,51.17,52.915,51.17,51.8,1858008
2655,2017-03-08,51.41,52.3,51.17,51.84,1850854
2656,2017-03-09,51.73,52.03,51.25,51.47,843550
2657,2017-03-10,51.46,51.89,51.08,51.26,979077
2658,2017-03-13,51.09,51.3,49.18,49.49,1535909
2659,2017-03-14,49.49,49.75,48.4,48.69,1596482
2660,2017-03-15,48.57,49.57,48.2,49.52,1186482
2661,2017-03-16,49.31,50.385,49.03,49.98,954645
2662,2017-03-17,50.4,50.48,49.485,50.01,1085756
2663,2017-03-20,50.0,50.13,48.6403,48.72,948712
2664,2017-03-21,48.9,48.9,47.15,47.68,862965
2665,2017-03-22,47.77,48.39,47.1501,48.26,640703
2666,2017-03-23,48.52,49.14,48.19,48.45,548189
2667,2017-03-24,48.45,48.65,47.93,48.16,679785
2668,2017-03-27,47.79,48.57,47.61,48.11,576633
2669,2017-03-28,48.13,48.77,48.02,48.71,566268
2670,2017-03-29,47.43,49.55,46.99,49.36,1036759
2671,2017-03-30,49.17,49.71,48.83,49.17,633225
2672,2017-03-31,49.25,49.58,48.67,48.68,689998
2673,2017-04-03,48.64,48.92,47.31,47.73,921448
2674,2017-04-04,47.68,48.085,47.4,47.56,742163
2675,2017-04-05,47.86,48.26,46.84,46.87,989082
2676,2017-04-06,47.05,48.3499,47.05,48.07,2061945
2677,2017-04-07,48.07,48.7,47.96,47.98,818368
2678,2017-04-10,48.03,48.95,47.88,48.19,957939
2679,2017-04-11,48.14,49.15,47.95,49.13,777335
2680,2017-04-12,49.18,49.29,47.94,47.96,803715
2681,2017-04-13,47.9,48.17,47.18,47.19,740168
2682,2017-04-17,47.33,48.11,47.22,48.08,724739
2683,2017-04-18,48.07,48.66,47.82,48.57,739998
2684,2017-04-19,48.71,49.27,48.63,48.69,580790
2685,2017-04-20,49.11,50.27,49.09,49.81,970365
2686,2017-04-21,49.68,49.96,49.25,49.69,879006
2687,2017-04-24,49.98,50.35,49.525,49.93,852219
2688,2017-04-25,50.2,50.38,49.51,49.57,1140028
2689,2017-04-26,50.5,51.7699,50.5,51.57,1978729
2690,2017-04-27,51.73,51.95,50.72,51.9,1222950
2691,2017-04-28,51.67,51.7463,50.29,50.49,1029205
2692,2017-05-01,50.72,50.72,49.15,49.53,1184314
2693,2017-05-02,49.51,50.44,49.4,50.12,944398
2694,2017-05-03,50.06,50.38,49.66,50.1,683864
2695,2017-05-04,50.3,50.39,48.99,49.16,628156
2696,2017-05-05,49.52,49.7,49.1,49.62,631975
2697,2017-05-08,49.65,50.275,49.43,49.84,793940
2698,2017-05-09,50.0,50.31,49.75,50.19,594283
2699,2017-05-10,50.03,50.88,49.8,50.59,565485
2700,2017-05-11,50.17,50.21,48.49,49.21,718153
2701,2017-05-12,48.92,48.99,47.41,47.51,940491
2702,2017-05-15,47.72,48.03,46.86,47.0,1288079
2703,2017-05-16,46.89,46.89,45.1,46.64,1937254
2704,2017-05-17,46.28,46.87,45.85,46.57,940176
2705,2017-05-18,46.7,47.209,46.25,46.47,727499
2706,2017-05-19,46.58,47.86,46.08,47.5,832201
2707,2017-05-22,47.65,48.29,47.45,47.71,1008468
2708,2017-05-23,47.71,47.855,46.42,46.95,1055487
2709,2017-05-24,46.78,47.22,46.49,46.98,907231
2710,2017-05-25,46.56,48.67,46.56,48.37,2574413
2711,2017-05-26,51.35,51.77,48.06,49.79,4364767
2712,2017-05-30,49.96,50.42,49.55,49.89,1701582
2713,2017-05-31,50.05,50.05,48.17,48.83,1958562
2714,2017-06-01,49.07,50.02,48.65,49.63,2113847
2715,2017-06-02,49.75,50.35,49.14,49.96,1147912
2716,2017-06-05,49.93,49.93,48.77,49.64,1150747
2717,2017-06-06,49.17,49.17,47.99,48.24,1442148
2718,2017-06-07,48.03,49.38,47.94,49.25,1321952
2719,2017-06-08,49.49,50.01,48.82,48.84,1135367
2720,2017-06-09,48.9,50.5,48.77,50.49,1102967
2721,2017-06-12,50.45,51.71,50.24,50.43,1006439
2722,2017-06-13,50.49,50.72,49.78,50.31,688714
2723,2017-06-14,50.16,50.22,49.32,49.77,736101
2724,2017-06-15,49.18,50.09,48.4,48.75,860317
2725,2017-06-16,48.01,48.01,46.16,47.89,1456520
2726,2017-06-19,48.11,48.27,47.03,48.17,1124670
2727,2017-06-20,48.21,48.25,46.82,46.85,770196
2728,2017-06-21,46.93,47.54,46.44,46.58,658416
2729,2017-06-22,46.59,47.32,46.22,47.02,622164
2730,2017-06-23,46.91,47.26,46.5,47.0,822294
2731,2017-06-26,47.14,47.71,47.06,47.49,948283
2732,2017-06-27,47.48,48.83,47.36,48.06,708024
2733,2017-06-28,48.44,48.68,47.46,47.57,882636
2734,2017-06-29,47.54,48.23,47.42,47.84,773073
2735,2017-06-30,47.9,48.59,47.88,48.3,516465
2736,2017-07-03,48.51,49.55,48.51,49.18,501408
2737,2017-07-05,49.22,49.49,47.98,48.07,1334643
2738,2017-07-06,47.64,48.12,46.83,46.99,1092773
2739,2017-07-07,47.05,47.4,46.22,46.61,1724476
2740,2017-07-10,46.49,47.03,46.07,46.45,1899846
2741,2017-07-11,46.59,46.95,46.15,46.65,1333150
2742,2017-07-12,46.95,47.4,46.55,46.94,879356
2743,2017-07-13,47.31,48.24,47.28,48.07,906962
2744,2017-07-14,48.16,48.49,47.88,47.89,674770
2745,2017-07-17,47.86,48.88,47.86,48.58,629118
2746,2017-07-18,48.53,48.68,47.87,48.13,467756
2747,2017-07-19,48.25,48.82,48.2,48.28,771612
2748,2017-07-20,48.42,48.55,47.9301,48.28,414222
2749,2017-07-21,48.39,48.62,47.97,48.19,561675
2750,2017-07-24,48.08,48.14,47.49,47.56,600829
2751,2017-07-25,48.42,50.365,48.011,49.55,2028555
2752,2017-07-26,49.36,49.4462,48.48,48.85,767158
2753,2017-07-27,49.1,50.461,48.83,50.26,775517
2754,2017-07-28,50.19,50.54,49.85,50.43,698715
2755,2017-07-31,50.68,50.68,48.95,49.67,861416
2756,2017-08-01,49.8,50.43,49.25,50.38,774513
2757,2017-08-02,50.29,50.727,50.09,50.13,572424
2758,2017-08-03,50.14,50.91,50.04,50.47,584970
2759,2017-08-04,50.58,51.02,50.33,50.76,610991
2760,2017-08-07,51.0,51.43,50.64,51.3,748204
2761,2017-08-08,51.34,52.17,50.88,50.99,598683
2762,2017-08-09,50.72,51.43,50.23,51.37,672611
2763,2017-08-10,50.94,51.0,49.85,50.0,633050
2764,2017-08-11,49.45,50.89,49.36,50.28,587588
2765,2017-08-14,50.84,51.52,50.7,51.08,548210
2766,2017-08-15,50.87,51.0,49.9,49.96,705049
2767,2017-08-16,50.58,50.9,50.19,50.54,666087
2768,2017-08-17,50.36,51.0,49.72,49.75,822300
2769,2017-08-18,49.38,50.0775,49.33,49.45,847248
2770,2017-08-21,49.5,49.5,48.86,49.09,1279269
2771,2017-08-22,49.65,50.77,49.65,50.63,1491841
2772,2017-08-23,50.39,50.95,49.99,50.19,978705
2773,2017-08-24,51.7,52.5,50.01,50.09,2655609
2774,2017-08-25,48.24,49.85,47.02,49.61,3311684
2775,2017-08-28,49.61,49.61,48.33,48.62,1176282
2776,2017-08-29,48.0,48.412,47.75,48.13,1045134
2777,2017-08-30,48.22,48.22,47.495,47.57,1118199
2778,2017-08-31,47.38,48.09,47.34,47.6,940351
2779,2017-09-01,47.83,48.07,47.74,47.79,920583
2780,2017-09-05,47.72,48.36,47.47,47.77,736906
2781,2017-09-06,48.02,48.33,47.47,47.5,757680
2782,2017-09-07,47.4,47.82,47.16,47.71,960993
2783,2017-09-08,47.62,47.84,46.95,47.8,702882
2784,2017-09-11,47.99,48.45,47.67,48.07,1334638
2785,2017-09-12,48.09,48.95,47.94,48.41,921406
2786,2017-09-13,48.66,49.35,48.66,48.89,766216
2787,2017-09-14,48.82,49.6,48.48,49.36,1201774
2788,2017-09-15,49.42,50.07,49.0,50.02,1477031
2789,2017-09-18,50.14,50.5,49.05,49.05,1286882
2790,2017-09-19,49.29,49.29,48.02,48.84,998449
2791,2017-09-20,48.82,49.135,48.265,49.02,933359
2792,2017-09-21,49.2,49.58,48.9,49.3,805154
2793,2017-09-22,49.23,49.94,49.23,49.51,1217352
2794,2017-09-25,49.8,51.46,49.725,51.23,1510293
2795,2017-09-26,51.29,51.64,50.61,51.18,759838
2796,2017-09-27,51.38,53.09,51.235,53.0,1319705
2797,2017-09-28,52.68,53.85,52.68,53.56,1390592
2798,2017-09-29,53.78,54.18,53.38,53.57,964219
2799,2017-10-02,53.31,53.38,51.86,51.92,959236
2800,2017-10-03,52.0,52.59,51.77,52.01,737946
2801,2017-10-04,52.21,52.45,51.66,52.15,758884
2802,2017-10-05,52.21,52.83,51.98,52.61,745217
2803,2017-10-06,52.25,53.565,52.2,53.42,953616
2804,2017-10-09,53.42,53.48,52.38,52.72,864674
2805,2017-10-10,52.99,53.43,52.46,52.82,999878
2806,2017-10-11,52.73,53.02,52.33,52.6,959143
2807,2017-10-12,52.5,52.5,51.64,52.1,1082218
2808,2017-10-13,52.06,52.07,51.365,51.44,839197
2809,2017-10-16,51.23,51.61,50.97,51.36,546717
2810,2017-10-17,51.47,51.85,51.27,51.5,431916
2811,2017-10-18,51.52,51.96,51.35,51.59,394115
2812,2017-10-19,51.44,52.11,51.185,52.04,358000
2813,2017-10-20,52.35,53.08,52.15,52.52,783288
2814,2017-10-23,52.55,53.69,52.44,52.87,1515586
2815,2017-10-24,53.23,53.52,52.0615,52.2,752783
2816,2017-10-25,52.1,52.12,51.39,51.93,568179
2817,2017-10-26,51.99,52.8,51.9,52.47,422112
2818,2017-10-27,52.0,52.09,51.41,51.82,458349
2819,2017-10-30,51.4,51.5,50.67,51.22,614413
2820,2017-10-31,51.09,51.51,51.09,51.31,625643
2821,2017-11-01,51.7,52.04,51.27,51.8,554673
2822,2017-11-02,51.78,52.83,51.01,52.63,528743
2823,2017-11-03,52.52,53.52,52.28,53.08,593149
2824,2017-11-06,53.0,53.34,51.9479,52.24,449110
2825,2017-11-07,52.29,52.7,51.43,51.99,556437
2826,2017-11-08,51.96,53.38,51.68,53.36,708594
2827,2017-11-09,52.96,53.57,52.615,53.3,821120
2828,2017-11-10,53.27,54.06,53.185,53.69,768793
2829,2017-11-13,53.72,54.1,53.35,53.59,474253
2830,2017-11-14,53.3,54.02,53.12,53.51,546696
2831,2017-11-15,53.03,53.69,52.231,52.89,829787
2832,2017-11-16,53.28,54.12,52.75,53.88,1132173
2833,2017-11-17,53.92,55.18,53.63,55.05,1071158
2834,2017-11-20,55.32,56.0,55.1001,55.7,688825
2835,2017-11-21,55.95,55.95,54.131,54.79,728310
2836,2017-11-22,54.99,55.61,54.75,54.83,531905
2837,2017-11-24,55.01,55.0613,54.19,54.3,355542
2838,2017-11-27,54.51,55.38,54.51,54.84,794433
2839,2017-11-28,54.97,56.6299,54.85,56.59,905588
2840,2017-11-29,56.84,58.87,56.755,58.63,1002902
2841,2017-11-30,58.77,60.18,58.77,59.1,1712192
2842,2017-12-01,56.14,59.5,54.0,58.21,3842208
2843,2017-12-04,57.95,59.49,57.7,58.93,1584265
2844,2017-12-05,58.92,59.37,57.82,58.81,1194776
2845,2017-12-06,58.77,59.52,57.645,57.99,1486327
2846,2017-12-07,58.37,59.17,58.23,58.96,1592557
2847,2017-12-08,59.15,60.2,58.6,59.55,1735582
2848,2017-12-11,59.58,59.58,57.62,57.98,1312054
2849,2017-12-12,58.1,58.1,55.47,55.53,1537203
2850,2017-12-13,55.61,56.3845,55.0,55.84,848706
2851,2017-12-14,55.45,55.78,52.96,53.45,1328606
2852,2017-12-15,53.64,54.82,53.64,53.97,1689731
2853,2017-12-18,54.28,55.88,54.21,55.51,1268952
2854,2017-12-19,55.79,56.41,55.19,55.2,641030
2855,2017-12-20,55.44,56.28,54.88,54.95,853663
2856,2017-12-21,55.21,55.21,54.64,55.12,692831
2857,2017-12-22,55.32,55.75,54.89,55.55,889785
2858,2017-12-26,55.62,57.24,55.62,56.4,863399
2859,2017-12-27,56.45,56.73,55.79,56.35,567064
2860,2017-12-28,56.38,56.6,55.4,55.78,539757
2861,2017-12-29,55.74,56.405,55.74,56.15,906967
2862,2018-01-02,56.33,56.93,55.42,55.9,1077714
2863,2018-01-03,55.92,56.065,54.42,54.94,999809
2864,2018-01-04,55.0,56.94,54.42,56.65,1372496
2865,2018-01-05,57.06,58.135,57.06,57.94,1231238
2866,2018-01-08,58.23,59.16,57.59,57.86,1218786
2867,2018-01-09,57.97,58.12,56.97,57.01,729295
2868,2018-01-10,55.7,57.11,55.02,56.61,888365
2869,2018-01-11,56.25,57.53,55.8,57.47,1565505
2870,2018-01-12,57.4,58.63,57.33,57.37,1368935
2871,2018-01-16,58.05,58.9786,57.45,57.86,1140338
2872,2018-01-17,58.35,59.53,57.97,58.82,872100
2873,2018-01-18,58.82,59.52,58.66,59.16,798913
2874,2018-01-19,59.24,61.23,58.89,61.18,1078825
2875,2018-01-22,61.2,62.6,60.9,62.59,1503066
2876,2018-01-23,62.59,63.09,61.561,62.25,651430
2877,2018-01-24,62.5,62.61,60.96,61.78,731335
2878,2018-01-25,62.21,62.93,61.55,62.14,674436
2879,2018-01-26,62.6,63.28,61.93,63.27,657501
2880,2018-01-29,63.36,64.42,63.36,64.22,853103
2881,2018-01-30,63.76,64.395,61.89,61.95,1187550
2882,2018-01-31,62.04,62.31,60.26,60.78,1200748
2883,2018-02-01,60.28,60.71,59.57,59.65,1133260
2884,2018-02-02,59.32,59.32,57.56,57.74,1248756
2885,2018-02-05,57.14,58.04,55.75,55.75,1426602
2886,2018-02-06,54.41,57.64,53.01,57.2,1541897
2887,2018-02-07,57.2,58.52,56.91,57.96,666944
2888,2018-02-08,57.99,58.52,56.72,56.82,702470
2889,2018-02-09,57.46,57.68,54.74,57.21,1164296
2890,2018-02-12,57.52,57.55,55.83,56.33,1031349
2891,2018-02-13,56.22,56.89,55.71,55.91,777686
2892,2018-02-14,55.67,58.09,55.67,57.79,908053
2893,2018-02-15,58.19,58.87,57.7,58.75,470099
2894,2018-02-16,58.46,59.11,56.51,56.7,861682
2895,2018-02-20,55.5,55.92,54.62,55.14,1006690
2896,2018-02-21,55.48,56.22,54.85,54.86,834452
2897,2018-02-22,55.52,56.53,55.42,56.07,1187279
2898,2018-02-23,56.53,57.39,56.12,56.99,852144
2899,2018-02-26,57.18,57.46,56.48,56.79,820004
2900,2018-02-27,57.42,58.48,56.1,56.1,1091335
2901,2018-02-28,56.51,56.92,55.84,56.2,1443784
2902,2018-03-01,56.29,57.06,55.35,56.44,1010070
2903,2018-03-02,55.77,57.26,54.88,56.29,1050224
2904,2018-03-05,56.15,56.43,54.93,55.33,1278068
2905,2018-03-06,55.3,56.32,54.77,56.04,1212290
2906,2018-03-07,54.64,55.57,53.38,54.5,2562992
2907,2018-03-08,54.6,55.37,53.51,53.89,2072513
2908,2018-03-09,47.0,48.55,46.55,48.45,12538294
2909,2018-03-12,48.46,49.3,47.13,47.36,3401378
2910,2018-03-13,47.4,48.15,47.18,47.47,1972415
2911,2018-03-14,47.51,47.72,46.08,46.34,1589194
2912,2018-03-15,46.75,46.82,46.14,46.49,1540024
2913,2018-03-16,46.5,47.64,46.39,46.92,1913106
2914,2018-03-19,46.9,47.09,45.7,46.45,1589468
2915,2018-03-20,46.64,47.05,46.24,47.0,2149042
2916,2018-03-21,46.76,47.07,45.675,45.74,1407014
2917,2018-03-22,45.2,45.25,43.99,44.01,1922090
2918,2018-03-23,44.0,44.21,43.11,43.12,1922491
2919,2018-03-26,43.75,44.07,42.96,43.76,1275706
2920,2018-03-27,43.86,43.86,42.47,42.75,1106129
2921,2018-03-28,42.75,43.66,42.36,42.41,1493797
2922,2018-03-29,42.64,43.67,42.48,43.53,1834430
2923,2018-04-02,43.59,43.735,42.47,43.12,2579498
2924,2018-04-03,43.45,43.56,42.79,43.28,1214413
2925,2018-04-04,42.79,44.5,42.55,44.35,1580528
2926,2018-04-05,44.6,44.69,43.72,44.42,1411225
2927,2018-04-06,43.93,44.245,42.75,43.06,1999788
2928,2018-04-09,43.48,43.899,42.8656,42.97,2014541
2929,2018-04-10,43.4,43.55,42.17,42.28,1599206
2930,2018-04-11,42.0,43.0,41.76,42.3,1274678
2931,2018-04-12,42.51,43.0,42.33,42.47,959609
2932,2018-04-13,42.62,42.635,41.71,42.02,1407789
2933,2018-04-16,41.36,43.0,41.04,42.79,1977299
2934,2018-04-17,43.23,43.92,43.08,43.72,1964872
2935,2018-04-18,43.74,44.44,43.47,43.74,1533652
2936,2018-04-19,43.56,43.635,42.02,42.38,1362831
2937,2018-04-20,42.28,42.69,41.76,42.04,1533908
2938,2018-04-23,42.27,42.27,41.21,41.94,1396625
2939,2018-04-24,42.14,42.76,41.85,42.27,1189743
2940,2018-04-25,42.17,42.5496,41.74,42.46,948232
2941,2018-04-26,42.54,42.85,42.05,42.69,863805
2942,2018-04-27,42.72,43.34,42.68,43.21,703516
2943,2018-04-30,43.2,43.5,42.44,42.45,985575
2944,2018-05-01,42.52,42.98,41.86,42.21,926347
2945,2018-05-02,41.95,42.5792,41.47,42.27,1053998
2946,2018-05-03,42.26,42.56,41.89,42.34,609321
2947,2018-05-04,42.08,42.08,41.21,41.32,1527926
2948,2018-05-07,41.4,41.4899,40.63,41.03,1252653
2949,2018-05-08,40.89,41.05,40.035,40.25,1032327
2950,2018-05-09,40.25,40.42,39.48,40.42,1523877
2951,2018-05-10,40.39,41.29,40.07,40.95,942268
2952,2018-05-11,40.8,41.64,40.51,41.51,1051981
2953,2018-05-14,41.55,42.22,41.39,42.18,829226
2954,2018-05-15,42.19,43.03,42.135,42.65,847803
2955,2018-05-16,42.9,43.679,42.72,43.05,1070494
2956,2018-05-17,43.18,43.375,42.45,42.63,897246
2957,2018-05-18,42.7,42.86,41.49,41.64,1215236
2958,2018-05-21,41.46,42.03,41.04,41.41,1637205
2959,2018-05-22,41.49,41.87,40.37,40.5,1581628
2960,2018-05-23,40.14,40.75,40.12,40.44,938316
2961,2018-05-24,40.55,41.82,40.41,41.68,1678975
2962,2018-05-25,41.77,42.57,41.64,41.77,1092244
2963,2018-05-29,41.16,41.83,40.97,41.5,1090743
2964,2018-05-30,41.77,42.41,41.56,42.33,1493706
2965,2018-05-31,41.79,42.1347,40.59,40.91,2886123
2966,2018-06-01,36.8,39.18,36.2,38.69,11042486
2967,2018-06-04,38.3,40.8,38.3,40.4,3872368
2968,2018-06-05,40.32,40.78,38.93,39.58,2492282
2969,2018-06-06,40.11,41.73,40.03,41.41,2762980
2970,2018-06-07,42.0,43.23,41.7,42.7,2026193
2971,2018-06-08,42.5,43.4,42.48,42.76,2162503
2972,2018-06-11,42.7,43.46,42.375,43.28,1084225
2973,2018-06-12,43.46,43.51,42.0101,42.22,1580660
2974,2018-06-13,42.16,42.6199,41.71,42.19,1490263
2975,2018-06-14,42.06,42.13,41.17,41.55,1634429
2976,2018-06-15,41.31,41.58,40.85,41.23,2064755
2977,2018-06-18,41.03,42.04,41.0,41.33,1819273
2978,2018-06-19,40.94,41.35,40.27,40.77,1739069
2979,2018-06-20,40.96,41.33,40.23,40.57,1406860
2980,2018-06-21,40.43,41.91,40.43,41.86,1901546
2981,2018-06-22,42.07,42.15,41.14,41.34,1888720
2982,2018-06-25,41.38,42.47,41.34,42.22,1297187
2983,2018-06-26,42.25,42.49,41.5175,42.35,1171269
2984,2018-06-27,42.54,42.85,42.03,42.19,1340834
2985,2018-06-28,42.05,42.58,41.55,42.0,1087375
2986,2018-06-29,42.04,42.53,41.74,41.78,955663
2987,2018-07-02,41.67,42.0,40.93,41.46,1064347
2988,2018-07-03,41.71,41.9818,40.7,40.78,872846
2989,2018-07-05,41.02,41.4,39.99,40.83,1416950
2990,2018-07-06,41.0,41.25,40.17,40.67,1127118
2991,2018-07-09,40.86,41.36,40.71,41.17,886174
2992,2018-07-10,41.05,41.65,40.69,41.08,648499
2993,2018-07-11,40.99,41.17,40.2,40.93,563985
2994,2018-07-12,41.29,41.52,40.55,41.18,920975
2995,2018-07-13,41.25,42.32,41.25,41.85,1267110
2996,2018-07-16,41.98,42.06,41.15,41.65,1146710
2997,2018-07-17,41.58,42.86,41.58,42.31,1526689
2998,2018-07-18,42.39,43.15,42.135,42.76,915374
2999,2018-07-19,43.1,44.5,42.71,43.94,2206705
3000,2018-07-20,43.81,43.9315,43.19,43.37,957376
3001,2018-07-23,43.36,43.98,43.32,43.59,929205
3002,2018-07-24,43.68,44.2,42.82,43.18,940791
3003,2018-07-25,43.44,43.8,42.75,43.6,1294263
3004,2018-07-26,43.77,44.47,43.62,44.04,926361
3005,2018-07-27,43.98,44.1,42.27,43.05,1730044
3006,2018-07-30,42.98,43.53,42.85,43.44,695650
3007,2018-07-31,43.44,43.69,42.36,43.43,795902
3008,2018-08-01,43.14,43.53,42.88,43.45,829654
3009,2018-08-02,43.12,45.355,43.12,45.19,1349115
3010,2018-08-03,45.29,46.15,45.21,45.47,1556267
3011,2018-08-06,45.29,46.73,45.04,46.65,1230747
3012,2018-08-07,46.84,47.58,46.55,47.09,1536953
3013,2018-08-08,47.09,47.61,46.8501,47.41,1130386
3014,2018-08-09,47.35,47.8696,46.96,47.57,712456
3015,2018-08-10,47.48,47.89,47.02,47.33,695685
3016,2018-08-13,47.64,47.85,47.1,47.34,772398
3017,2018-08-14,47.6,48.08,47.4,48.01,883311
3018,2018-08-15,47.78,47.78,46.48,47.12,889033
3019,2018-08-16,47.87,48.06,47.07,47.2,847629
3020,2018-08-17,47.23,48.17,47.23,48.02,663548
3021,2018-08-20,48.06,48.85,48.06,48.71,1002890
3022,2018-08-21,48.71,48.85,48.09,48.48,687027
3023,2018-08-22,48.66,49.45,48.52,48.95,805909
3024,2018-08-23,49.13,49.7599,48.73,49.37,1389624
3025,2018-08-24,49.54,50.23,49.0389,50.13,1495658
3026,2018-08-27,50.25,50.35,48.81,49.21,1091175
3027,2018-08-28,49.28,49.31,48.54,48.92,848805
3028,2018-08-29,49.09,49.31,48.58,49.02,1330466
3029,2018-08-30,48.52,48.84,47.53,47.86,2369026
3030,2018-08-31,42.3,44.7,41.0901,43.05,11469514
3031,2018-09-04,43.11,43.11,40.88,42.82,4070069
3032,2018-09-05,42.55,43.65,42.07,43.6,2451436
3033,2018-09-06,43.69,44.39,43.41,44.02,1396173
3034,2018-09-07,44.01,44.63,42.89,43.03,1622550
3035,2018-09-10,43.17,44.01,42.84,44.0,860955
3036,2018-09-11,43.99,44.1619,42.94,43.02,841406
3037,2018-09-12,42.89,42.9957,42.16,42.21,1375726
3038,2018-09-13,41.9,42.17,41.08,41.35,1173830
3039,2018-09-14,41.25,41.7,40.76,41.59,1015957
3040,2018-09-17,41.54,41.67,41.0,41.22,807174
3041,2018-09-18,41.19,41.41,40.89,41.18,683535
3042,2018-09-19,41.16,41.46,40.88,41.0,864410
3043,2018-09-20,41.19,41.44,40.93,41.42,725267
3044,2018-09-21,41.42,42.14,41.13,41.18,1458956
3045,2018-09-24,41.14,41.36,40.84,41.19,747708
3046,2018-09-25,41.15,41.53,40.93,41.41,733631
3047,2018-09-26,41.47,42.49,41.36,42.0,988381
3048,2018-09-27,42.05,42.2,41.16,41.42,1153545
3049,2018-09-28,41.36,41.86,41.36,41.79,570191
3050,2018-10-01,41.94,42.32,41.43,41.46,1112288
3051,2018-10-02,41.6,41.91,41.12,41.21,1000299
3052,2018-10-03,41.12,41.49,40.89,40.95,1604681
3053,2018-10-04,40.97,41.27,40.29,41.09,1229952
3054,2018-10-05,41.12,42.375,40.98,41.8,982653
3055,2018-10-08,41.76,43.0,41.55,42.86,1517558
3056,2018-10-09,42.91,43.3,42.11,42.14,820964
3057,2018-10-10,42.16,43.26,41.905,42.83,946581
3058,2018-10-11,42.85,43.18,41.66,41.79,1218535
3059,2018-10-12,42.24,42.93,41.79,42.69,672287
3060,2018-10-15,42.57,43.84,42.4466,43.71,1246817
3061,2018-10-16,43.79,44.84,43.35,44.47,865752
3062,2018-10-17,44.3,44.6,43.01,43.62,952679
3063,2018-10-18,43.27,43.3,39.96,40.25,2571808
3064,2018-10-19,40.2,40.43,39.33,39.48,1659989
3065,2018-10-22,39.7,41.28,39.7,41.21,1188218
3066,2018-10-23,40.68,41.82,40.68,41.44,935859
3067,2018-10-24,41.39,42.24,41.11,41.14,823405
3068,2018-10-25,41.3,42.14,41.06,41.79,669078
3069,2018-10-26,41.47,41.63,40.42,40.65,894825
3070,2018-10-29,40.89,42.3,40.81,41.37,941703
3071,2018-10-30,41.29,43.36,41.25,43.25,1278261
3072,2018-10-31,43.5,43.86,41.49,41.52,1338481
3073,2018-11-01,41.5,43.0,41.38,42.94,876059
3074,2018-11-02,43.22,43.5,41.61,42.72,832366
3075,2018-11-05,43.04,43.28,42.14,43.2,1013233
3076,2018-11-06,42.83,43.16,42.12,42.56,847970
3077,2018-11-07,42.9,43.9,42.69,43.78,791804
3078,2018-11-08,43.62,45.13,43.06,44.9,1043116
3079,2018-11-09,44.58,45.0,42.73,42.82,991140
3080,2018-11-12,42.74,43.72,42.74,43.43,586773
3081,2018-11-13,43.64,44.13,43.36,44.0,646631
3082,2018-11-14,44.31,44.7,42.4,42.54,883844
3083,2018-11-15,42.13,42.32,40.86,42.08,1015433
3084,2018-11-16,41.55,41.81,40.87,41.53,792393
3085,2018-11-19,42.95,44.47,42.34,43.07,1329883
3086,2018-11-20,42.07,42.07,40.23,40.78,1481390
3087,2018-11-21,40.87,41.75,40.53,41.0,717408
3088,2018-11-23,41.04,42.37,40.8,41.52,618669
3089,2018-11-26,41.81,43.25,41.64,43.1,1158265
3090,2018-11-27,42.84,43.7,42.78,43.44,970646
3091,2018-11-28,43.39,44.3,42.7,43.78,848582
3092,2018-11-29,43.53,44.76,43.2874,44.6,741773
3093,2018-11-30,44.17,44.6,43.26,43.56,900321
3094,2018-12-03,44.14,44.81,43.57,44.14,730118
3095,2018-12-04,43.72,43.935,41.25,41.91,1363580
3096,2018-12-06,41.81,42.71,40.26,40.3,2719965
3097,2018-12-07,31.99,34.0419,30.3225,31.0,13875749
3098,2018-12-10,30.6,30.88,29.07,29.64,4234813
3099,2018-12-11,29.88,30.74,29.64,29.94,2824175
3100,2018-12-12,30.32,30.49,29.785,29.83,2212534
3101,2018-12-13,29.5,30.0,29.35,29.7,1727280
3102,2018-12-14,29.3,29.69,28.29,28.5,1735153
3103,2018-12-17,28.23,29.24,27.92,28.58,1810062
3104,2018-12-18,29.415,29.57,28.78,29.04,2181705
3105,2018-12-19,29.02,29.85,28.425,28.72,1429239
3106,2018-12-20,28.39,28.45,26.945,27.1,1611488
3107,2018-12-21,27.06,28.17,26.98,27.05,1984654
3108,2018-12-24,26.94,27.2627,26.21,26.74,524192
3109,2018-12-26,27.01,28.38,26.65,28.35,1064720
3110,2018-12-27,27.91,28.44,27.29,28.42,761873
3111,2018-12-28,28.37,28.93,27.84,28.05,850051
3112,2018-12-31,28.14,28.92,28.04,28.92,843052
3113,2019-01-02,28.5,29.75,28.22,29.45,1116129
3114,2019-01-03,29.26,29.65,29.0,29.13,860209
3115,2019-01-04,29.58,30.46,29.32,30.09,1078912
3116,2019-01-07,29.51,30.23,28.43,30.13,1426600
3117,2019-01-08,30.26,30.41,29.73,29.83,1666084
3118,2019-01-09,30.01,30.83,29.72,30.65,1469527
3119,2019-01-10,29.05,30.57,28.78,30.55,1223280
3120,2019-01-11,30.53,31.73,30.47,31.35,1462251
3121,2019-01-14,31.14,31.87,30.75,31.36,1282860
3122,2019-01-15,31.32,31.5,30.85,31.37,861633
3123,2019-01-16,31.29,31.93,30.75,30.87,935341
3124,2019-01-17,30.71,31.58,30.59,31.57,822613
3125,2019-01-18,31.9,32.29,31.6597,31.88,1183780
3126,2019-01-22,31.8,32.71,31.54,32.25,1022395
3127,2019-01-23,32.36,32.625,31.85,32.35,630646
3128,2019-01-24,32.38,32.5,31.83,31.97,493499
3129,2019-01-25,32.29,32.53,32.01,32.5,893433
3130,2019-01-28,32.2,32.22,31.37,31.87,1068693
3131,2019-01-29,31.9,32.32,31.51,32.06,1048737
3132,2019-01-30,32.28,32.28,30.815,31.12,1122783
3133,2019-01-31,31.01,31.66,30.87,31.54,973856
3134,2019-02-01,31.61,31.83,31.0,31.32,1001081
3135,2019-02-04,31.32,32.45,31.13,32.02,1403011
3136,2019-02-05,32.17,32.5,31.675,32.01,906381
3137,2019-02-06,31.94,32.03,31.3,31.98,688193
3138,2019-02-07,31.87,32.28,31.735,32.21,421968
3139,2019-02-08,31.98,32.16,30.835,30.89,824442
3140,2019-02-11,30.77,31.01,30.39,30.68,1242405
3141,2019-02-12,30.93,31.91,30.7001,31.54,1517246
3142,2019-02-13,31.61,32.05,31.12,31.94,825498
3143,2019-02-14,31.8,32.25,31.19,32.16,787444
3144,2019-02-15,32.3,32.66,32.11,32.27,774611
3145,2019-02-19,32.43,32.7,32.0,32.35,1057643
3146,2019-02-20,32.21,32.74,32.045,32.6,1193672
3147,2019-02-21,32.47,32.6324,31.29,31.42,852790
3148,2019-02-22,31.51,31.51,30.99,31.28,868098
3149,2019-02-25,31.53,32.25,31.35,32.06,1295565
3150,2019-02-26,32.19,32.48,31.835,32.03,685834
3151,2019-02-27,31.99,32.44,31.35,31.57,1050155
3152,2019-02-28,31.05,31.61,30.05,31.53,1478570
3153,2019-03-01,31.93,32.57,31.14,31.45,1500117
3154,2019-03-04,31.46,31.98,31.13,31.5,1232914
3155,2019-03-05,31.76,32.37,31.4,32.01,1082561
3156,2019-03-06,32.18,32.32,31.64,31.9,2713387
3157,2019-03-07,31.74,32.31,31.36,31.84,2237937
3158,2019-03-08,34.58,37.29,33.86,36.18,12867719
3159,2019-03-11,36.84,37.19,35.06,36.4,3907175
3160,2019-03-12,36.56,37.31,35.43,35.55,2353886
3161,2019-03-13,35.57,35.91,35.22,35.47,1953595
3162,2019-03-14,35.38,35.67,35.11,35.35,1352117
3163,2019-03-15,35.35,35.835,35.08,35.21,9289987
3164,2019-03-18,35.2,35.55,34.39,34.44,1707691
3165,2019-03-19,34.46,35.03,34.36,34.9,1105179
3166,2019-03-20,35.0,35.49,34.365,34.49,1276903
3167,2019-03-21,34.18,35.25,34.01,35.25,1076754
3168,2019-03-22,35.11,35.33,34.61,35.05,933014
3169,2019-03-25,35.03,36.15,34.75,35.91,954825
3170,2019-03-26,36.11,36.77,36.05,36.69,996411
3171,2019-03-27,36.88,37.83,36.49,37.71,1331976
3172,2019-03-28,37.84,38.3,37.34,37.61,1488307
3173,2019-03-29,37.67,38.15,37.57,38.02,1225334
3174,2019-04-01,38.21,38.69,37.945,38.61,1106602
3175,2019-04-02,38.43,38.75,37.81,38.08,1126909
3176,2019-04-03,38.19,38.48,38.04,38.16,902047
3177,2019-04-04,38.03,38.48,37.72,38.27,1206867
3178,2019-04-05,38.18,38.64,38.14,38.37,971999
3179,2019-04-08,38.54,39.18,38.5,39.04,1084652
3180,2019-04-09,38.81,38.99,38.25,38.6,1419183
3181,2019-04-10,38.6,38.98,38.26,38.93,772028
3182,2019-04-11,38.98,39.42,38.91,39.3,1175906
3183,2019-04-12,39.46,39.53,38.22,38.24,1204640
3184,2019-04-15,38.2,39.43,38.11,39.33,1082134
3185,2019-04-16,39.43,39.5,38.45,38.75,1301068
3186,2019-04-17,38.98,39.38,38.42,38.66,766690
3187,2019-04-18,38.63,39.1,38.41,39.07,513290
3188,2019-04-22,38.99,39.07,37.47,37.73,1138461
3189,2019-04-23,37.74,38.09,37.49,37.87,1214595
3190,2019-04-24,38.24,39.33,37.87,39.04,1035284
3191,2019-04-25,38.85,39.28,38.665,38.67,771058
3192,2019-04-26,38.14,38.39,37.92,38.08,596720
3193,2019-04-29,38.22,38.22,37.37,37.53,929679
3194,2019-04-30,37.35,37.5,36.69,37.16,1003325
3195,2019-05-01,37.34,37.34,36.72,36.79,1163766
3196,2019-05-02,36.91,37.3,36.75,37.02,691431
3197,2019-05-03,37.03,37.75,36.96,37.56,989425
3198,2019-05-06,37.18,38.59,37.16,38.32,1102954
3199,2019-05-07,38.05,38.3,36.61,36.98,918333
3200,2019-05-08,36.81,38.15,36.64,37.7,806623
3201,2019-05-09,37.56,38.1,37.22,37.8,722421
3202,2019-05-10,37.58,38.09,36.18,36.52,772032
3203,2019-05-13,35.91,36.0,33.71,34.16,1090868
3204,2019-05-14,34.15,34.23,33.39,33.98,1702159
3205,2019-05-15,33.77,34.08,32.96,34.03,1174882
3206,2019-05-16,34.22,34.34,32.925,33.08,927558
3207,2019-05-17,32.88,33.0,31.91,31.91,1326299
3208,2019-05-20,31.73,32.0,31.42,31.57,854171
3209,2019-05-21,31.4,31.66,30.47,31.66,1785873
3210,2019-05-22,31.69,32.27,30.56,30.64,942742
3211,2019-05-23,30.21,30.5,29.18,29.31,1257440
3212,2019-05-24,28.8,29.415,28.29,28.95,1719533
3213,2019-05-28,28.84,29.0438,26.92,26.97,1496720
3214,2019-05-29,26.84,27.01,26.14,26.44,1441001
3215,2019-05-30,27.31,27.88,25.73,26.01,2456783
3216,2019-05-31,29.73,29.9,26.0,27.6,7145379
3217,2019-06-03,26.21,28.11,26.15,27.57,3357727
3218,2019-06-04,27.7,28.79,27.67,28.56,1366456
3219,2019-06-05,28.52,28.52,27.14,27.52,1052991
3220,2019-06-06,27.45,27.72,26.47,26.78,1277980
3221,2019-06-07,26.83,27.27,26.49,26.8,766301
3222,2019-06-10,26.86,28.92,26.86,28.6,1936766
3223,2019-06-11,28.92,29.84,28.86,29.31,1423478
3224,2019-06-12,29.25,29.4,28.8,28.94,641666
3225,2019-06-13,28.82,29.35,28.63,29.16,631650
3226,2019-06-14,29.11,29.68,28.76,29.02,1229078
3227,2019-06-17,28.99,29.8,28.6271,29.41,1110716
3228,2019-06-18,29.55,30.1273,29.37,29.67,1107830
3229,2019-06-19,29.85,30.21,29.37,30.12,540218
3230,2019-06-20,30.43,30.56,29.3199,29.35,679109
3231,2019-06-21,29.18,29.52,28.91,28.98,997704
3232,2019-06-24,28.99,29.23,27.42,27.47,1434122
3233,2019-06-25,27.36,28.05,27.05,27.78,1118031
3234,2019-06-26,27.71,28.87,27.69,28.51,1421685
3235,2019-06-27,28.57,29.09,28.34,29.06,926243
3236,2019-06-28,28.95,29.2,28.415,28.61,1158351
3237,2019-07-01,28.97,29.485,27.74,28.12,660377
3238,2019-07-02,28.02,28.08,27.15,27.21,667796
3239,2019-07-03,27.11,27.55,26.99,27.1,437774
3240,2019-07-05,27.01,27.63,26.87,27.06,660766
3241,2019-07-08,26.93,27.66,26.88,27.63,956785
3242,2019-07-09,27.44,27.83,26.93,27.01,910055
3243,2019-07-10,27.12,27.18,25.7,26.04,1661983
3244,2019-07-11,26.25,26.42,24.83,25.07,1596699
3245,2019-07-12,25.0,25.25,24.76,24.76,1421728
3246,2019-07-15,24.7,25.07,23.04,23.7,2409270
3247,2019-07-16,23.61,24.303,23.5,24.19,1924781
3248,2019-07-17,24.09,25.38,24.01,25.18,3052749
3249,2019-07-18,25.19,26.61,25.17,26.12,3477105
3250,2019-07-19,26.18,26.84,26.05,26.18,2497571
3251,2019-07-22,26.29,26.42,25.42,25.91,1723730
3252,2019-07-23,26.08,26.17,25.04,25.61,1270845
3253,2019-07-24,25.71,26.58,25.71,26.46,1234093
3254,2019-07-25,26.39,26.52,25.58,25.8,1181626
3255,2019-07-26,25.91,26.0,25.51,25.58,768114
3256,2019-07-29,25.52,25.6517,24.94,25.38,628706
3257,2019-07-30,25.23,25.33,24.51,24.75,834039
3258,2019-07-31,24.74,25.87,24.65,25.6,1201810
3259,2019-08-01,25.67,26.2,24.31,24.55,1296809
3260,2019-08-02,24.41,25.11,24.4,24.79,946433
3261,2019-08-05,24.46,24.46,23.48,24.01,1155115
3262,2019-08-06,24.09,24.27,23.46,24.21,819655
3263,2019-08-07,23.93,24.15,23.65,23.77,704432
3264,2019-08-08,23.83,24.25,23.4707,24.2,800772
3265,2019-08-09,24.0,24.0,22.235,22.34,1204996
3266,2019-08-12,22.17,22.22,21.64,21.91,826159
3267,2019-08-13,22.13,22.98,21.44,21.86,1233148
3268,2019-08-14,21.37,21.81,21.01,21.57,908223
3269,2019-08-15,21.71,21.755,19.83,20.13,1307480
3270,2019-08-16,20.22,20.65,20.09,20.45,848170
3271,2019-08-19,20.65,21.57,20.61,21.21,945045
3272,2019-08-20,21.0,21.06,20.22,20.52,1339951
3273,2019-08-21,20.93,21.29,20.52,20.75,869346
3274,2019-08-22,20.92,21.7743,20.92,21.35,837309
3275,2019-08-23,21.04,21.1,20.03,20.64,1260776
3276,2019-08-26,20.75,21.25,20.5,21.06,990577
3277,2019-08-27,21.22,21.267,20.66,21.0,1173825
3278,2019-08-28,20.81,21.6,20.73,21.41,993476
3279,2019-08-29,22.09,22.27,21.11,22.01,2705311
3280,2019-08-30,24.57,25.74,22.2,22.75,11237877
3281,2019-09-03,22.5,23.62,22.07,22.74,2737682
3282,2019-09-04,23.03,23.17,21.7569,22.4,1868562
3283,2019-09-05,22.7,23.345,22.43,23.19,1473049
3284,2019-09-06,23.42,23.49,22.7,22.76,788410
3285,2019-09-09,22.97,24.24,22.86,24.17,1128852
3286,2019-09-10,24.19,25.07,24.095,24.44,1491789
3287,2019-09-11,24.75,24.75,23.61,24.31,1432920
3288,2019-09-12,24.0,24.0,22.84,23.06,1473349
3289,2019-09-13,22.84,23.84,22.66,22.75,1157392
3290,2019-09-16,22.39,22.96,22.085,22.24,894635
3291,2019-09-17,22.04,22.404,21.41,22.17,1151124
3292,2019-09-18,22.11,22.41,21.57,22.24,1080519
3293,2019-09-19,22.46,23.15,22.08,22.94,1003394
3294,2019-09-20,23.01,23.55,22.8,22.9,1952806
3295,2019-09-23,22.84,24.49,22.74,24.25,1818100
3296,2019-09-24,24.25,24.66,23.73,23.91,948439
3297,2019-09-25,23.93,24.435,23.76,24.2,556133
3298,2019-09-26,24.21,24.3,23.68,23.78,503208
3299,2019-09-27,23.97,24.63,23.56,23.8,598690
3300,2019-09-30,23.89,24.63,23.89,24.5,1091377
3301,2019-10-01,24.6,24.75,23.95,24.09,615754
3302,2019-10-02,23.95,23.95,21.92,22.1,1619124
3303,2019-10-03,21.91,22.13,21.2303,21.94,1830389
3304,2019-10-04,22.0,22.19,21.11,21.53,965397
3305,2019-10-07,21.42,21.58,20.74,21.15,1378286
3306,2019-10-08,20.83,20.91,20.4,20.44,876050
3307,2019-10-09,20.66,21.16,20.57,20.79,616495
3308,2019-10-10,20.97,21.13,20.61,20.96,569738
3309,2019-10-11,21.36,22.58,21.36,22.2,850567
3310,2019-10-14,22.0,22.075,21.6,22.0,648405
3311,2019-10-15,22.03,22.39,21.62,22.14,789448
3312,2019-10-16,22.16,22.48,21.58,21.78,729124
3313,2019-10-17,21.81,21.95,21.25,21.27,682058
3314,2019-10-18,20.99,21.18,20.5,20.51,1064424
3315,2019-10-21,20.66,20.833,20.02,20.32,1254369
3316,2019-10-22,20.3,20.54,19.83,20.34,1193388
3317,2019-10-23,20.34,22.3,20.27,22.13,2362053
3318,2019-10-24,22.14,23.32,21.82,23.28,1476560
3319,2019-10-25,23.21,23.85,22.69,23.36,1057683
3320,2019-10-28,23.52,23.5439,22.64,22.72,687125
3321,2019-10-29,22.66,22.98,22.33,22.58,639459
3322,2019-10-30,22.54,22.54,21.71,21.94,558646
3323,2019-10-31,21.85,22.0,20.94,21.67,939552
3324,2019-11-01,21.8,22.23,21.48,21.5,692966
3325,2019-11-04,21.65,22.01,21.44,21.9,858646
3326,2019-11-05,22.11,22.95,22.105,22.44,950046
3327,2019-11-06,22.49,22.49,21.59,22.31,726669
3328,2019-11-07,22.63,22.85,21.9491,22.14,988218
3329,2019-11-08,22.05,22.19,21.32,21.57,806231
3330,2019-11-11,21.53,21.6,20.935,21.33,1530445
3331,2019-11-12,21.37,21.94,21.09,21.55,1257215
3332,2019-11-13,21.45,21.55,20.92,21.51,1229033
3333,2019-11-14,21.63,21.87,20.92,21.1,1087411
3334,2019-11-15,21.2,21.3942,20.65,21.04,734330
3335,2019-11-18,21.16,21.3,20.23,20.68,991019
3336,2019-11-19,20.46,20.68,19.14,19.33,1840475
3337,2019-11-20,19.54,19.79,18.83,19.4,1475950
3338,2019-11-21,19.3,19.94,18.54,19.61,1617894
3339,2019-11-22,19.68,19.8591,19.02,19.42,1078926
3340,2019-11-25,19.47,20.94,19.34,20.69,2477010
3341,2019-11-26,20.39,20.87,19.89,20.03,1404898
3342,2019-11-27,20.03,20.92,19.95,20.81,1075386
3343,2019-11-29,20.8,21.1,20.27,20.9,697886
3344,2019-12-02,21.0,21.035,20.37,20.82,1841053
3345,2019-12-03,20.55,21.03,20.07,20.43,1368215
3346,2019-12-04,20.57,20.781,19.88,19.9,1529387
3347,2019-12-05,20.04,20.21,18.73,19.16,3121107
3348,2019-12-06,23.1,25.35,22.9,25.21,21784156
3349,2019-12-09,25.15,27.28,24.59,26.75,7295125
3350,2019-12-10,26.7,27.06,26.2701,26.95,3178811
3351,2019-12-11,27.39,27.39,26.76,27.15,1815594
3352,2019-12-12,27.16,28.37,26.55,28.21,2292928
3353,2019-12-13,28.22,28.35,26.36,26.73,2349997
3354,2019-12-16,26.94,27.46,26.93,26.95,912051
3355,2019-12-17,27.69,28.55,27.18,28.45,1759916
3356,2019-12-18,28.3,29.61,28.08,29.53,2323749
3357,2019-12-19,29.3,29.625,28.87,29.19,1133613
3358,2019-12-20,29.16,29.63,28.79,28.9,1663995
3359,2019-12-23,28.68,29.2,28.53,28.94,798360
3360,2019-12-24,29.05,29.18,28.8,28.99,353916
3361,2019-12-26,28.86,29.0,27.95,28.22,806254
3362,2019-12-27,28.24,28.6799,28.07,28.51,754355
3363,2019-12-30,28.45,29.3499,28.2,28.84,966999
3364,2019-12-31,28.71,29.08,28.52,28.72,678038
3365,2020-01-02,28.96,28.96,27.55,27.68,1426652
3366,2020-01-03,27.43,27.85,27.125,27.3,1035926
3367,2020-01-06,27.05,28.8,26.81,28.74,1605400
3368,2020-01-07,28.41,29.22,28.35,29.2,1224527
3369,2020-01-08,29.06,29.56,28.45,29.17,1103916
3370,2020-01-09,28.93,29.13,27.77,29.08,958178
3371,2020-01-10,29.14,29.49,28.86,29.08,967924
3372,2020-01-13,29.0,30.44,28.3975,30.06,1950312
3373,2020-01-14,30.0,30.28,29.28,29.86,2159579
3374,2020-01-15,29.32,29.93,29.3,29.65,1015528
3375,2020-01-16,30.11,30.35,28.47,28.78,1173637
3376,2020-01-17,29.02,29.16,27.95,28.3,1073322
3377,2020-01-21,27.66,27.91,27.04,27.49,1224951
3378,2020-01-22,27.6,27.71,26.91,27.07,861060
3379,2020-01-23,26.93,27.11,26.13,26.75,1068708
3380,2020-01-24,27.15,28.07,26.66,27.86,1719372
3381,2020-01-27,27.29,27.78,27.26,27.58,1104812
3382,2020-01-28,27.85,28.3,27.45,28.1,1094305
3383,2020-01-29,28.25,28.9,28.2,28.27,993876
3384,2020-01-30,28.0,28.34,27.36,27.68,670046
3385,2020-01-31,27.65,27.65,26.82,27.06,1053419
3386,2020-02-03,27.15,28.41,26.71,28.13,1170109
3387,2020-02-04,28.49,28.6866,26.995,27.66,1078088
3388,2020-02-05,27.96,29.11,27.84,28.28,1373850
3389,2020-02-06,28.41,28.49,27.76,27.97,917743
3390,2020-02-07,27.64,27.6877,26.81,27.2,730335
3391,2020-02-10,27.17,27.65,26.98,27.6,743246
3392,2020-02-11,27.72,27.88,27.0,27.25,742069
3393,2020-02-12,27.6,27.68,26.16,26.89,1396182
3394,2020-02-13,26.78,27.06,25.76,25.79,1027060
3395,2020-02-14,25.8,25.935,25.03,25.66,1291869
3396,2020-02-18,25.53,25.95,25.34,25.69,759645
3397,2020-02-19,25.74,25.94,25.29,25.66,697287
3398,2020-02-20,25.7,26.15,25.62,25.92,1035952
3399,2020-02-21,25.71,25.905,25.09,25.41,1351508
3400,2020-02-24,24.49,25.32,24.22,25.08,2125058
3401,2020-02-25,25.14,25.21,24.23,24.81,1525294
3402,2020-02-26,24.86,24.96,22.76,22.79,1680669
3403,2020-02-27,22.22,22.74,20.65,22.44,3366436
3404,2020-02-28,15.07,17.41,14.75,15.81,10467194
3405,2020-03-02,16.39,17.13,15.9,17.12,4767529
3406,2020-03-03,17.38,17.89,16.51,17.64,3652487
3407,2020-03-04,17.75,18.06,17.21,18.06,2706318
3408,2020-03-05,17.73,17.79,16.18,16.61,1929119
3409,2020-03-06,17.18,18.89,16.66,17.77,3356836
3410,2020-03-09,16.64,17.83,16.31,17.19,1875626
3411,2020-03-10,17.86,18.23,16.43,17.48,2109760
3412,2020-03-11,16.96,17.42,16.32,16.71,1370164
3413,2020-03-12,15.41,16.0599,12.3,13.08,2566557
3414,2020-03-13,13.81,14.19,12.32,14.11,1929613
3415,2020-03-16,12.51,13.255,10.125,10.64,2470388
3416,2020-03-17,10.88,13.68,10.26,13.67,2893852
3417,2020-03-18,12.74,13.6445,10.15,11.0,2578086
3418,2020-03-19,10.75,13.57,10.17,12.98,2408552
3419,2020-03-20,13.0,13.4499,11.66,12.1,1752059
3420,2020-03-23,12.08,12.38,11.01,11.61,2044257
3421,2020-03-24,12.11,15.55,11.87,15.41,2659305
3422,2020-03-25,16.03,17.3,14.17,14.28,2200036
3423,2020-03-26,14.54,14.84,13.21,13.44,2031932
3424,2020-03-27,13.37,13.4184,12.48,12.97,1643024
3425,2020-03-30,13.03,13.99,12.8,13.88,2135949
3426,2020-03-31,13.76,14.5298,13.76,14.22,1673083
3427,2020-04-01,13.53,13.88,12.76,13.79,1741492
3428,2020-04-02,13.48,14.78,13.48,13.98,1874400
3429,2020-04-03,13.94,14.78,13.7,14.69,1661395
3430,2020-04-06,15.6,16.17,15.49,15.82,1750473
3431,2020-04-07,16.69,17.0,14.78,15.1,2144824
3432,2020-04-08,15.47,16.1,15.25,15.77,1743329
3433,2020-04-09,19.25,20.73,19.03,19.63,7594889
3434,2020-04-13,19.69,19.94,18.35,18.97,3093384
3435,2020-04-14,19.39,19.65,18.93,19.0,1872450
3436,2020-04-15,18.0,18.82,17.771,18.71,1399539
3437,2020-04-16,18.72,19.055,18.3,18.68,1522625
3438,2020-04-17,19.0,19.45,18.49,19.14,1965823
3439,2020-04-20,18.78,20.1204,18.6,19.6,1455699
3440,2020-04-21,19.08,19.8,18.9,18.94,1202071
3441,2020-04-22,19.38,19.78,18.91,19.57,951226
3442,2020-04-23,19.42,19.83,19.15,19.44,911774
3443,2020-04-24,20.07,20.67,19.91,20.37,2388176
3444,2020-04-27,21.14,23.01,21.1,22.7,3016783
3445,2020-04-28,23.69,24.15,22.36,23.85,2317219
3446,2020-04-29,24.5,25.47,23.86,25.19,1966829
3447,2020-04-30,24.79,24.88,23.15,23.45,1397001
3448,2020-05-01,23.76,24.705,23.265,24.02,2262075
3449,2020-05-04,24.89,25.0,23.37,24.97,1584815
3450,2020-05-05,25.35,25.79,24.03,24.11,1038989
3451,2020-05-06,24.2,24.98,23.7801,24.18,921411
3452,2020-05-07,24.55,25.23,24.3628,24.9,1081149
3453,2020-05-08,24.95,26.19,24.95,26.13,1124174
3454,2020-05-11,25.89,26.79,25.31,26.5,921576
3455,2020-05-12,26.57,27.13,26.375,26.5,1133982
3456,2020-05-13,26.17,26.74,25.57,26.57,1436455
3457,2020-05-14,26.12,26.98,25.72,26.98,1699893
3458,2020-05-15,26.87,28.61,26.6186,28.35,1331555
3459,2020-05-18,29.7,30.91,29.12,30.61,2145543
3460,2020-05-19,30.62,32.25,30.5925,31.52,1554931
3461,2020-05-20,31.95,32.8,31.31,31.89,1117157
3462,2020-05-21,31.89,33.05,31.5,32.67,1069188
3463,2020-05-22,32.61,33.15,32.19,32.43,1056586
3464,2020-05-26,33.38,36.07,33.18,35.95,1931157
3465,2020-05-27,36.5,39.03,35.955,39.02,2712343
3466,2020-05-28,39.22,40.1,35.91,36.68,3254873
3467,2020-05-29,40.35,42.325,35.64,38.75,13556293
3468,2020-06-01,38.28,38.54,36.42,37.31,3030864
3469,2020-06-02,37.17,38.0,37.1,37.36,1270734
3470,2020-06-03,38.09,39.14,37.82,38.58,1483726
3471,2020-06-04,38.52,39.08,36.84,36.98,1649079
3472,2020-06-05,38.1,38.49,35.05,36.43,2106051
3473,2020-06-08,36.62,36.95,34.2,35.03,2915725
3474,2020-06-09,34.76,36.79,34.6,36.35,1741992
3475,2020-06-10,36.68,37.4,35.55,36.77,1505203
3476,2020-06-11,34.72,36.42,34.31,34.57,1284144
3477,2020-06-12,35.64,35.8799,32.11,33.55,2373189
3478,2020-06-15,32.55,35.79,32.27,34.77,1510870
3479,2020-06-16,36.0,36.18,34.26,34.99,1750253
3480,2020-06-17,35.2,36.7,35.0,35.99,1367530
3481,2020-06-18,35.52,35.83,34.25,34.64,974847
3482,2020-06-19,35.13,35.26,33.23,33.38,1573086
3483,2020-06-22,33.26,33.91,32.7,33.78,1543702
3484,2020-06-23,34.12,34.44,32.97,33.73,1346990
3485,2020-06-24,33.51,33.96,32.785,33.25,959928
3486,2020-06-25,33.0,34.04,32.8408,33.85,1115715
3487,2020-06-26,39.47,44.9,39.0,43.04,18842731
3488,2020-06-29,43.65,44.22,41.792,43.14,4045632
3489,2020-06-30,42.5,43.44,41.53,42.0,1946840
3490,2020-07-01,42.03,42.19,40.65,40.79,1589562
3491,2020-07-02,41.0,42.24,40.33,40.37,1257314
3492,2020-07-06,41.4,41.54,39.6,40.06,1115033
3493,2020-07-07,39.55,40.81,39.06,40.69,1527810
3494,2020-07-08,40.77,41.94,39.82,41.76,1293934
3495,2020-07-09,42.09,42.5,40.62,40.96,749467
3496,2020-07-10,40.68,40.93,39.34,40.4,1242471
3497,2020-07-13,41.22,41.28,37.3,37.35,2259131
3498,2020-07-14,37.38,38.01,36.705,37.96,1097544
3499,2020-07-15,38.45,38.82,37.15,37.17,1320792
3500,2020-07-16,36.86,37.43,35.33,36.38,1828391
3501,2020-07-17,36.4,36.75,35.13,36.13,1650604
3502,2020-07-20,36.6,39.11,35.88,38.87,1902005
3503,2020-07-21,39.2,42.06,39.2,41.18,2180631
3504,2020-07-22,40.76,42.7399,40.34,42.41,1553635
3505,2020-07-23,42.1,43.0,41.01,41.73,1252226
3506,2020-07-24,41.77,43.03,41.76,42.46,809222
3507,2020-07-27,42.71,42.95,40.805,41.55,1376098
3508,2020-07-28,41.38,41.84,40.52,40.59,794418
3509,2020-07-29,40.6,41.72,40.235,40.52,973499
3510,2020-07-30,40.17,40.63,39.22,39.76,798064
3511,2020-07-31,39.68,39.6885,38.59,39.34,885795
3512,2020-08-03,39.75,41.025,38.8,40.97,1297960
3513,2020-08-04,40.44,43.0,40.31,42.82,1277771
3514,2020-08-05,43.18,45.21,43.1,45.18,1211212
3515,2020-08-06,45.07,45.14,43.75,44.79,979573
3516,2020-08-07,44.8,47.18,44.8,45.45,1182760
3517,2020-08-10,45.5,49.1,45.495,48.28,1333540
3518,2020-08-11,48.4,49.46,47.07,47.4,1129014
3519,2020-08-12,48.15,50.62,47.515,50.2,1529550
3520,2020-08-13,49.99,50.93,48.48,50.05,961054
3521,2020-08-14,50.31,50.83,49.51,50.05,826519
3522,2020-08-17,50.77,53.5,49.24,50.23,2057173
3523,2020-08-18,50.2,50.55,47.44,48.12,1254013
3524,2020-08-19,48.33,49.48,47.92,48.88,883865
3525,2020-08-20,48.56,49.48,47.98,49.12,693792
3526,2020-08-21,49.06,51.53,48.9601,51.48,1107627
3527,2020-08-24,52.09,53.76,51.3464,53.65,1489531
3528,2020-08-25,54.08,54.41,52.68,54.32,1145042
3529,2020-08-26,54.09,55.71,53.69,55.71,1446155
3530,2020-08-27,56.46,57.24,54.0,55.7,2414171
3531,2020-08-28,53.06,53.87,49.4039,49.96,5980196
3532,2020-08-31,50.44,51.64,46.91,47.15,3077075
3533,2020-09-01,47.24,49.2,46.8,48.17,1590224
3534,2020-09-02,48.42,48.53,46.9,48.42,1106642
3535,2020-09-03,48.25,48.7799,45.14,45.22,1421946
3536,2020-09-04,45.2,45.77,42.61,44.44,1895794
3537,2020-09-08,43.22,44.81,42.725,43.33,1859764
3538,2020-09-09,44.03,47.33,44.01,46.62,1932395
3539,2020-09-10,46.54,47.68,45.429,46.86,1588415
3540,2020-09-11,47.35,49.1,47.31,47.33,1414950
3541,2020-09-14,47.43,47.72,46.54,47.32,1564059
3542,2020-09-15,48.13,49.78,47.7,47.74,1297029
3543,2020-09-16,48.05,48.57,46.73,46.74,1022899
3544,2020-09-17,46.1,46.135,44.56,45.28,1194540
3545,2020-09-18,45.63,45.79,43.92,44.77,2383015
3546,2020-09-21,43.99,46.12,43.13,46.02,1197413
3547,2020-09-22,45.84,48.08,45.25,45.68,1224597
3548,2020-09-23,46.11,46.5,44.24,44.28,1001113
3549,2020-09-24,44.24,47.557,43.74,45.67,1241338
3550,2020-09-25,45.39,46.75,44.91,46.53,802926
3551,2020-09-28,47.11,49.07,47.11,47.76,1068910
3552,2020-09-29,51.04,51.9,46.76,47.07,6781557
3553,2020-09-30,47.3,47.5599,44.26,44.6,3174673
3554,2020-10-01,44.9,45.95,44.11,44.99,2656072
3555,2020-10-02,43.75,46.33,43.02,45.56,2436888
3556,2020-10-05,45.94,46.98,45.46,46.82,1213330
3557,2020-10-06,46.94,49.44,46.2,46.43,1892774
3558,2020-10-07,47.28,49.32,47.28,49.3,1517824
3559,2020-10-08,49.81,50.98,49.64,50.79,1306157
3560,2020-10-09,52.0,52.84,50.4,50.42,1822098
3561,2020-10-12,51.04,52.0988,50.01,50.65,1454951
3562,2020-10-13,50.53,52.8183,50.3,51.69,1075035
3563,2020-10-14,51.68,53.13,51.4,51.43,749425
3564,2020-10-15,50.35,53.37,49.92,53.19,1162933
3565,2020-10-16,53.7,54.7,53.08,53.65,859160
3566,2020-10-19,53.6,54.49,52.49,52.74,892804
3567,2020-10-20,53.09,54.4599,52.52,53.15,965515
3568,2020-10-21,53.46,53.67,51.71,52.12,992708
3569,2020-10-22,52.16,52.325,49.43,51.1,1032892
3570,2020-10-23,50.9,51.07,49.01,49.8,704379
3571,2020-10-26,49.27,50.98,49.25,50.26,1007804
3572,2020-10-27,50.68,53.56,50.68,52.87,1120707
3573,2020-10-28,51.52,53.4165,51.21,52.44,1065529
3574,2020-10-29,52.45,52.84,50.25,50.26,841215
3575,2020-10-30,50.0,50.05,46.96,47.6,1068205
3576,2020-11-02,48.0,48.75,46.1,47.25,979895
3577,2020-11-03,47.63,49.31,47.0,48.48,686989
3578,2020-11-04,48.6,49.49,46.69,48.6,853774
3579,2020-11-05,49.48,50.57,49.1144,50.03,698248
3580,2020-11-06,50.16,51.41,49.7167,51.1,950888
3581,2020-11-09,51.66,53.7,44.84,44.96,2226528
3582,2020-11-10,45.81,46.99,45.0,46.58,925589
3583,2020-11-11,47.5,49.6,46.45,48.63,1115828
3584,2020-11-12,48.47,48.76,46.27,47.72,921747
3585,2020-11-13,48.07,48.66,46.075,47.46,981535
3586,2020-11-16,47.54,49.36,46.96,48.71,1010888
3587,2020-11-17,48.39,49.05,47.68,48.8,521964
3588,2020-11-18,49.23,50.15,48.47,48.55,913409
3589,2020-11-19,48.5,50.04,48.355,49.74,640671
3590,2020-11-20,49.9,50.57,49.085,49.48,876281
3591,2020-11-23,49.81,52.21,49.59,51.11,904149
3592,2020-11-24,51.99,52.2,50.2,51.68,1027557
3593,2020-11-25,51.8,52.16,51.0,52.05,600844
3594,2020-11-27,51.97,53.26,51.75,52.34,551026
3595,2020-11-30,52.47,52.52,50.66,51.67,1435207
3596,2020-12-01,52.0,55.29,51.39,55.08,1811563
3597,2020-12-02,54.75,55.04,52.18,52.45,1351056
3598,2020-12-03,52.52,53.27,50.55,52.85,1758227
3599,2020-12-04,48.12,49.2217,46.91,46.98,5624466
3600,2020-12-07,47.34,47.78,45.085,45.16,3301447
3601,2020-12-08,45.09,46.8,44.9212,45.84,1812529
3602,2020-12-09,46.07,46.8,45.62,46.6,1390163
3603,2020-12-10,46.3,46.72,45.39,46.51,1267471
3604,2020-12-11,45.85,46.6,44.94,45.06,1840443
3605,2020-12-14,45.51,45.56,44.55,44.58,1538533
3606,2020-12-15,44.6,45.69,43.94,45.62,1590962
3607,2020-12-16,45.55,47.5,45.55,46.42,1770368
3608,2020-12-17,46.6,47.22,46.07,47.04,992429
3609,2020-12-18,47.12,47.87,44.2352,44.63,3818442
3610,2020-12-21,44.38,45.06,44.07,44.72,1231808
3611,2020-12-22,44.86,45.23,43.8,44.16,1351941
3612,2020-12-23,44.26,45.48,43.85,44.8,1155850
3613,2020-12-24,44.96,45.76,44.09,44.1,841424
3614,2020-12-28,44.61,45.11,43.64,44.69,1523560
3615,2020-12-29,44.72,45.04,43.4089,44.58,1110054
3616,2020-12-30,44.73,45.0,43.75,43.77,760633
3617,2020-12-31,43.72,43.82,42.66,42.93,1735606
3618,2021-01-04,43.15,43.57,42.05,42.3,2056189
3619,2021-01-05,42.32,44.12,42.0893,43.29,1320388
3620,2021-01-06,43.35,46.0,43.35,45.54,1819389
3621,2021-01-07,44.38,45.63,43.74,45.28,1534948
3622,2021-01-08,45.81,46.31,44.39,44.48,1445734
3623,2021-01-11,44.15,47.0,44.05,46.26,1494850
3624,2021-01-12,46.8,49.31,46.51,48.81,1909495
3625,2021-01-13,44.75,48.77,44.39,48.19,4783820
3626,2021-01-14,47.85,52.62,47.62,52.18,2437724
3627,2021-01-15,51.71,53.7,51.3101,52.09,1756830
3628,2021-01-19,52.65,54.59,51.37,52.14,2121614
3629,2021-01-20,52.3,52.36,49.55,49.62,1396760
3630,2021-01-21,49.91,50.06,48.21,48.74,1136872
3631,2021-01-22,48.35,51.06,47.96,50.82,1070601
3632,2021-01-25,50.74,53.4,50.09,51.23,1403956
3633,2021-01-26,51.88,54.4,50.83,54.27,1271802
3634,2021-01-27,54.08,65.11,53.37,65.05,4379736
3635,2021-01-28,61.11,67.0,58.5153,60.12,3567868
3636,2021-01-29,62.0,62.67,59.31,59.68,1203953
3637,2021-02-01,60.36,60.59,55.35,55.65,1602850
3638,2021-02-02,55.0,55.96,51.31,51.51,2502567
3639,2021-02-03,52.19,54.3,51.82,52.57,1278526
3640,2021-02-04,52.92,55.94,52.62,54.85,984952
3641,2021-02-05,55.16,56.33,54.34,55.62,903785
3642,2021-02-08,56.29,60.74,56.0801,60.02,1047023
3643,2021-02-09,60.21,61.62,59.34,60.27,791818
3644,2021-02-10,60.5,63.22,60.179,61.48,893094
3645,2021-02-11,61.92,64.045,61.3668,63.8,784933
3646,2021-02-12,63.86,66.09,63.414,65.37,729695
3647,2021-02-16,65.84,68.1182,65.38,66.11,863148
3648,2021-02-17,65.78,66.05,62.95,64.04,1058137
3649,2021-02-18,63.41,63.6492,61.5,62.19,783579
3650,2021-02-19,62.61,64.24,62.26,64.09,745155
3651,2021-02-22,63.99,65.4,60.85,63.35,1060375
3652,2021-02-23,62.09,65.92,59.78,64.95,866892
3653,2021-02-24,65.64,66.69,63.06,64.33,746042
3654,2021-02-25,64.49,65.79,61.57,62.59,1142918
3655,2021-02-26,62.38,64.83,62.25,63.54,805948
3656,2021-03-01,63.92,65.58,62.41,62.5,991025
3657,2021-03-02,63.0,63.07,61.17,61.35,819733
3658,2021-03-03,61.35,63.91,60.8501,62.21,766589
3659,2021-03-04,61.81,63.16,58.79,60.69,1106360
3660,2021-03-05,58.03,63.17,56.2,62.05,1967471
3661,2021-03-08,63.37,69.07,62.705,66.29,1648444
3662,2021-03-09,67.49,68.8197,65.15,65.39,913635
3663,2021-03-10,65.72,67.29,64.28,64.54,762611
3664,2021-03-11,65.38,66.94,63.61,66.54,746731
3665,2021-03-12,66.42,69.4528,65.91,68.67,1055108
3666,2021-03-15,69.67,71.3,68.52,70.24,1023371
3667,2021-03-16,69.68,70.62,65.7,66.77,1063613
3668,2021-03-17,66.51,68.0,65.4,67.6,892954
3669,2021-03-18,66.0,69.96,65.52,67.7,1027826
3670,2021-03-19,68.06,71.42,67.8,70.64,2061689
3671,2021-03-22,71.0,72.27,69.9,70.79,770224
3672,2021-03-23,70.14,71.9435,67.25,67.6,734751
3673,2021-03-24,67.89,68.3875,63.61,63.61,684692
3674,2021-03-25,63.3,68.94,62.37,68.14,796383
3675,2021-03-26,68.25,70.45,67.5001,70.03,755474
3676,2021-03-29,69.76,71.26,66.71,67.45,622429
3677,2021-03-30,67.43,69.115,67.0801,68.65,429953
3678,2021-03-31,68.17,69.41,67.12,68.3,869444
3679,2021-04-01,69.01,69.39,68.18,68.86,588245
3680,2021-04-05,69.37,71.28,68.97,70.47,676379
3681,2021-04-06,69.08,71.54,68.75,68.79,711369
3682,2021-04-07,68.97,69.51,65.58,65.77,766503
3683,2021-04-08,65.22,67.105,64.27,67.07,601776
3684,2021-04-09,67.0,68.05,65.98,67.35,726148
3685,2021-04-12,67.75,70.23,67.06,67.87,898836
3686,2021-04-13,68.07,68.5,66.35,67.28,556773
3687,2021-04-14,68.13,69.58,67.65,68.06,622172
3688,2021-04-15,68.73,68.98,66.9,67.39,531279
3689,2021-04-16,68.0,69.36,67.84,68.5,420516
3690,2021-04-19,68.5,68.949,65.34,65.65,846859
3691,2021-04-20,65.78,65.78,62.26,63.34,830555
3692,2021-04-21,63.3,65.85,62.61,65.37,681702
3693,2021-04-22,65.8,66.6,65.11,65.55,531183
3694,2021-04-23,66.04,66.86,64.85,65.98,503461
3695,2021-04-26,66.58,68.23,65.71,67.99,666831
3696,2021-04-27,68.66,70.4764,68.4001,69.46,755387
3697,2021-04-28,69.59,70.12,68.53,69.04,492688
3698,2021-04-29,70.05,70.82,69.19,70.47,510995
3699,2021-04-30,70.09,70.475,67.77,68.94,663341
3700,2021-05-03,69.29,71.0,68.69,70.66,678078
3701,2021-05-04,70.5,70.5,67.06,68.8,613170
3702,2021-05-05,68.89,69.27,67.7,68.83,510065
3703,2021-05-06,69.2,70.75,68.63,69.84,630537
3704,2021-05-07,70.08,70.08,68.3,69.16,630257
3705,2021-05-10,69.42,70.62,67.86,68.3,677618
3706,2021-05-11,67.0,67.515,64.8,66.82,559063
3707,2021-05-12,66.36,66.73,63.54,63.6,676345
3708,2021-05-13,63.75,65.605,63.465,65.35,491905
3709,2021-05-14,65.87,67.93,65.83,67.67,359425
3710,2021-05-17,67.07,68.93,67.0,68.17,533156
3711,2021-05-18,68.98,69.5,66.63,66.67,488251
3712,2021-05-19,65.61,66.23,62.55,63.26,1046991
3713,2021-05-20,62.99,64.64,61.69,64.46,698451
3714,2021-05-21,64.87,65.36,63.69,64.19,416029
3715,2021-05-24,64.46,65.49,63.59,63.64,734045
3716,2021-05-25,63.79,64.19,63.04,63.07,483717
3717,2021-05-26,63.82,66.14,63.74,65.67,862857
3718,2021-05-27,66.1,66.31,63.76,64.54,1090443
3719,2021-05-28,62.39,62.91,58.62,60.94,3189111
3720,2021-06-01,61.56,62.49,61.05,62.04,1087021
3721,2021-06-02,62.01,64.55,61.05,63.96,727863
3722,2021-06-03,63.56,65.405,63.21,64.95,801929
3723,2021-06-04,65.14,65.92,64.33,64.8,767358
3724,2021-06-07,64.55,67.74,64.5,67.67,1006008
3725,2021-06-08,68.2,72.32,67.56,72.31,1506900
3726,2021-06-09,72.41,73.23,70.1,70.47,948242
3727,2021-06-10,70.18,70.5,65.79,65.79,964076
3728,2021-06-11,66.08,69.16,66.06,68.8,645904
3729,2021-06-14,68.98,68.98,66.08,66.2,575383
3730,2021-06-15,66.16,66.695,64.96,64.97,599826
3731,2021-06-16,64.5,65.93,63.77,65.25,751349
3732,2021-06-17,64.86,65.78,63.3,65.32,811542
3733,2021-06-18,64.73,65.1,63.58,64.16,1348243
3734,2021-06-21,64.64,65.67,64.23,65.31,543769
3735,2021-06-22,65.73,70.3,64.47,69.0,1622986
3736,2021-06-23,68.64,68.9999,66.01,66.44,802839
3737,2021-06-24,66.91,66.91,64.96,65.62,562279
3738,2021-06-25,65.65,67.49,65.52,65.52,1118290
3739,2021-06-28,65.63,66.47,64.87,65.68,554074
3740,2021-06-29,65.5,66.1873,64.76,65.02,400708
3741,2021-06-30,65.39,66.12,64.85,66.01,399137
3742,2021-07-01,66.48,66.48,65.03,65.53,426192
3743,2021-07-02,65.6,65.6,64.05,64.16,389778
3744,2021-07-06,64.05,64.05,61.8,62.86,793124
3745,2021-07-07,62.62,62.98,60.84,61.71,433551
3746,2021-07-08,60.65,61.44,59.55,61.43,482432
3747,2021-07-09,62.53,64.06,61.93,63.97,546586
3748,2021-07-12,62.83,63.1,60.8,61.39,762080
3749,2021-07-13,61.26,61.53,60.03,61.1,754901
3750,2021-07-14,61.55,61.84,59.43,60.03,774527
3751,2021-07-15,59.5,60.21,59.11,59.97,615014
3752,2021-07-16,60.5,60.5,58.62,58.66,740956
3753,2021-07-19,57.5,58.71,56.24,58.58,926004
3754,2021-07-20,58.5,61.07,58.5,60.63,524371
3755,2021-07-21,61.27,62.7999,61.1125,62.32,450091
3756,2021-07-22,62.01,62.455,60.41,60.49,353968
3757,2021-07-23,60.76,61.17,59.73,60.66,491807
3758,2021-07-26,60.69,61.675,60.3,61.44,383072
3759,2021-07-27,60.77,61.34,59.42,60.02,331321
3760,2021-07-28,60.22,60.88,59.36,59.57,372624
3761,2021-07-29,60.0,60.67,58.52,58.63,602823
3762,2021-07-30,58.5,59.81,57.54,57.61,485601
3763,2021-08-02,57.99,57.99,55.23,55.62,843918
3764,2021-08-03,55.72,58.3,55.1725,56.88,688121
3765,2021-08-04,56.26,56.55,54.01,54.15,774263
3766,2021-08-05,54.46,55.8086,54.17,55.07,391628
3767,2021-08-06,55.51,55.75,53.99,54.46,384040
3768,2021-08-09,54.82,55.74,53.91,54.29,613067
3769,2021-08-10,54.1,56.15,53.34,56.11,644474
3770,2021-08-11,56.34,58.905,55.65,58.85,664735
3771,2021-08-12,59.2,60.24,57.81,58.2,459220
3772,2021-08-13,58.05,59.13,57.62,57.93,325628
3773,2021-08-16,57.97,58.86,57.44,57.77,266428
3774,2021-08-17,57.33,57.61,55.5693,56.0,413578
3775,2021-08-18,56.14,56.9,55.43,55.48,419516
3776,2021-08-19,55.0,56.04,54.55,54.67,383890
3777,2021-08-20,54.67,56.22,54.67,56.07,477537
3778,2021-08-23,55.73,57.0,55.52,56.75,713810
3779,2021-08-24,56.32,57.6,56.18,57.44,669695
3780,2021-08-25,57.7,58.6675,57.0401,57.84,525875
3781,2021-08-26,56.35,56.83,54.2,54.25,1422892
3782,2021-08-27,47.05,53.31,46.87,51.62,4246717
3783,2021-08-30,50.95,52.19,50.46,51.25,1357805
3784,2021-08-31,51.28,51.7099,48.17,48.66,2036726
3785,2021-09-01,48.91,48.99,48.0,48.46,880845
3786,2021-09-02,48.18,48.69,47.21,47.8,848358
3787,2021-09-03,47.75,47.99,46.85,47.8,740139
3788,2021-09-07,47.38,47.7225,45.98,46.02,1180009
3789,2021-09-08,46.32,46.32,44.95,46.15,931293
3790,2021-09-09,45.67,47.03,45.62,46.71,682474
3791,2021-09-10,46.99,47.32,45.88,45.98,728093
3792,2021-09-13,46.07,47.3,45.81,46.35,645047
3793,2021-09-14,46.4,46.4,44.8,45.43,694822
3794,2021-09-15,45.37,47.56,45.37,47.29,1179632
3795,2021-09-16,47.12,48.25,46.9,47.38,760647
3796,2021-09-17,47.64,48.1764,47.5,47.68,1364371
3797,2021-09-20,46.5,47.61,46.195,47.52,925943
3798,2021-09-21,46.3,46.95,44.65,44.7,1008669
3799,2021-09-22,45.25,47.35,45.0101,46.28,996873
3800,2021-09-23,46.5,47.78,46.45,46.68,864899
3801,2021-09-24,46.63,47.01,46.2,46.56,585181
3802,2021-09-27,46.53,49.85,46.53,49.54,1003833
3803,2021-09-28,49.33,50.1,48.47,48.52,932042
3804,2021-09-29,49.08,49.415,48.14,48.38,485040
3805,2021-09-30,47.69,48.25,43.04,43.36,2013232
3806,2021-10-01,43.39,43.72,42.32,42.77,1143193
3807,2021-10-04,42.77,43.15,41.76,42.8,698376
3808,2021-10-05,42.93,44.2425,42.3563,43.16,993552
3809,2021-10-06,42.83,44.37,42.2235,44.17,856882
3810,2021-10-07,44.83,46.72,44.75,46.33,1521152
3811,2021-10-08,46.5,48.11,46.5,47.3,1678254
3812,2021-10-11,47.46,48.0,44.98,44.99,1031809
3813,2021-10-12,45.13,46.65,45.09,46.46,718724
3814,2021-10-13,46.45,46.48,45.43,46.26,526245
3815,2021-10-14,46.26,46.89,45.57,46.37,592965
3816,2021-10-15,47.33,47.46,46.11,46.46,839156
3817,2021-10-18,46.1,46.87,45.69,45.98,791184
3818,2021-10-19,46.3,46.57,45.6004,46.33,496023
3819,2021-10-20,46.43,46.95,45.66,45.77,554364
3820,2021-10-21,45.73,46.5,45.6,45.8,480318
3821,2021-10-22,45.92,46.05,44.96,45.02,414123
3822,2021-10-25,45.02,45.89,44.6501,45.88,467643
3823,2021-10-26,46.07,46.07,44.45,44.69,493957
3824,2021-10-27,44.61,44.84,43.54,43.67,876585
3825,2021-10-28,44.03,44.9393,43.7,43.85,748731
3826,2021-10-29,44.07,44.695,43.73,44.25,592438
3827,2021-11-01,44.72,46.87,44.72,46.68,780085
3828,2021-11-02,47.0,47.77,46.0882,47.56,662268
3829,2021-11-03,47.76,51.8499,47.575,51.03,1866594
3830,2021-11-04,51.04,51.44,50.05,50.92,804973
3831,2021-11-05,51.1,52.09,50.6,50.89,545168
3832,2021-11-08,50.68,51.1,48.86,49.42,609826
3833,2021-11-09,49.27,49.88,49.0301,49.52,409153
3834,2021-11-10,48.77,49.31,47.76,48.27,700526
3835,2021-11-11,48.3,48.51,47.74,48.41,466791
3836,2021-11-12,48.79,49.025,48.305,48.63,282712
3837,2021-11-15,49.84,50.89,49.1,49.13,482978
3838,2021-11-16,49.0,49.92,48.77,49.8,410342
3839,2021-11-17,49.65,49.94,46.94,47.29,700438
3840,2021-11-18,48.25,48.81,47.54,48.34,460760
3841,2021-11-19,47.55,48.5,46.21,46.28,484958
3842,2021-11-22,46.5,48.9,46.3,48.61,511657
3843,2021-11-23,48.45,48.45,46.74,47.39,546216
3844,2021-11-24,46.77,46.83,44.65,44.88,600109
3845,2021-11-26,43.54,45.79,43.25,45.7,632519
3846,2021-11-29,45.66,45.7,43.34,43.95,762830
3847,2021-11-30,43.34,43.98,42.31,43.38,760083
3848,2021-12-01,44.29,45.15,42.49,42.58,807198
3849,2021-12-02,43.27,43.78,42.08,43.62,1094544
3850,2021-12-03,44.08,47.75,43.5,45.95,2708630
3851,2021-12-06,45.16,46.31,42.79,43.82,1688095
3852,2021-12-07,44.22,45.15,43.17,44.91,1188773
3853,2021-12-08,45.14,46.14,44.45,44.5,610698
3854,2021-12-09,44.07,45.7457,43.82,44.56,586875
3855,2021-12-10,45.1,45.88,44.45,44.8,521880
3856,2021-12-13,44.63,45.521,43.37,43.97,996828
3857,2021-12-14,41.05,43.85,40.6301,42.21,1345786
3858,2021-12-15,42.25,42.755,41.1,42.44,923600
3859,2021-12-16,43.0,43.335,41.89,42.24,696577
3860,2021-12-17,42.36,42.775,41.63,42.55,2370261
3861,2021-12-20,41.87,41.99,40.06,41.52,895418
3862,2021-12-21,41.81,43.31,41.81,42.85,737466
3863,2021-12-22,43.08,43.785,42.77,43.15,643578
3864,2021-12-23,43.4,43.68,42.21,42.24,819847
3865,2021-12-27,42.088,43.29,42.088,42.6,513769
3866,2021-12-28,42.24,43.97,42.24,43.08,578598
3867,2021-12-29,43.16,45.17,43.08,44.54,662488
3868,2021-12-30,44.13,46.81,44.13,45.51,881756
3869,2021-12-31,45.37,45.93,44.87,45.05,597649
3870,2022-01-03,45.53,47.75,45.42,47.28,802767
3871,2022-01-04,47.51,50.32,47.28,49.24,1498580
3872,2022-01-05,49.45,50.87,47.5,47.74,1347711
3873,2022-01-06,47.33,49.24,46.57,47.81,862374
3874,2022-01-07,48.27,50.0,47.96,49.67,1095088
3875,2022-01-10,49.37,49.37,45.63,46.34,1342932
3876,2022-01-11,44.5,45.7,43.5,45.66,1455379
3877,2022-01-12,45.12,45.5,43.16,43.64,1264196
3878,2022-01-13,43.0,44.42,42.81,43.59,948044
3879,2022-01-14,43.29,43.55,42.11,43.41,883264
3880,2022-01-18,42.76,43.41,41.8,42.36,716147
3881,2022-01-19,43.17,43.17,40.79,40.85,993248
3882,2022-01-20,40.9,41.08,39.4,39.74,1837290
3883,2022-01-21,39.29,40.69,39.29,39.8,1403062
3884,2022-01-24,39.53,42.87,39.12,42.72,1015361
3885,2022-01-25,42.48,44.6,42.13,43.06,1300942
3886,2022-01-26,43.14,43.14,40.07,40.2,853387
3887,2022-01-27,40.31,41.57,39.615,39.74,879956
3888,2022-01-28,39.48,39.92,38.529,39.87,1122679
3889,2022-01-31,39.39,42.04,39.39,41.91,924447
3890,2022-02-01,42.36,43.9,41.78,43.61,769650
3891,2022-02-02,43.44,43.56,41.53,42.28,952699
3892,2022-02-03,42.25,42.4,41.01,41.19,676089
3893,2022-02-04,41.13,41.305,38.44,39.95,1419085
3894,2022-02-07,39.95,40.7,38.86,38.99,615050
3895,2022-02-08,38.84,40.07,38.76,39.45,843431
3896,2022-02-09,36.92,38.18,36.71,37.62,1910242
3897,2022-02-10,37.6,38.9099,36.81,36.99,1445199
3898,2022-02-11,37.37,38.06,36.63,37.06,1583179
3899,2022-02-14,37.18,39.11,36.63,37.85,1323418
3900,2022-02-15,38.21,38.87,38.02,38.38,932598
3901,2022-02-16,38.15,38.76,36.63,36.96,1175303
3902,2022-02-17,37.05,37.31,36.04,36.43,730663
3903,2022-02-18,36.31,37.35,36.09,36.7,595013
3904,2022-02-22,36.2,37.335,34.78,35.01,1440714
3905,2022-02-23,35.22,35.59,33.7,33.89,1304403
3906,2022-02-24,32.3,35.01,31.57,34.76,1358253
3907,2022-02-25,35.0,35.77,33.41,35.64,955799
3908,2022-02-28,35.205,35.68,34.225,34.76,944548
3909,2022-03-01,35.03,35.7,33.7,34.24,1139997
3910,2022-03-02,34.05,37.84,33.5,37.3,2432017
3911,2022-03-03,35.5,38.01,35.29,36.87,1907356
3912,2022-03-04,36.25,39.8113,36.02,38.05,1589963
3913,2022-03-07,37.48,38.0,35.6,36.22,1144893
3914,2022-03-08,36.1,38.07,35.59,36.15,983828
3915,2022-03-09,36.45,37.7,36.45,36.74,838743
3916,2022-03-10,36.24,36.29,34.12,35.11,1260533
3917,2022-03-11,35.39,35.39,33.03,33.2,1111488
3918,2022-03-14,33.4,33.58,31.43,31.99,1154790
3919,2022-03-15,31.93,39.2799,31.77,36.93,9239766
3920,2022-03-16,37.0,37.9,35.82,37.24,1592503
3921,2022-03-17,37.05,37.83,36.06,37.83,849985
3922,2022-03-18,37.28,39.28,37.28,39.08,2030320
3923,2022-03-21,38.99,39.4,37.57,38.13,948610
3924,2022-03-22,38.39,39.1,37.88,38.7,814256
3925,2022-03-23,38.6,38.67,36.91,36.98,713878
3926,2022-03-24,37.0,37.45,36.16,37.44,801776
3927,2022-03-25,37.89,37.89,36.6094,37.3,457324
3928,2022-03-28,37.08,38.0,36.645,37.97,638852
3929,2022-03-29,38.72,40.45,38.42,40.35,1105561
3930,2022-03-30,39.63,39.97,36.45,36.49,1024301
3931,2022-03-31,36.2,36.345,34.44,34.6,1176382
3932,2022-04-01,34.82,35.23,33.975,34.22,942551
3933,2022-04-04,34.22,36.18,34.01,35.84,1073883
3934,2022-04-05,35.42,35.85,34.6,34.76,782029
3935,2022-04-06,34.3,34.4,32.95,34.0,1220038
3936,2022-04-07,34.23,34.53,32.97,34.32,1005863
3937,2022-04-08,34.44,35.84,33.92,35.18,918933
3938,2022-04-11,35.31,36.28,35.1,35.46,1085804
3939,2022-04-12,36.0,36.91,35.01,35.11,934592
3940,2022-04-13,35.04,36.65,34.68,36.15,756341
3941,2022-04-14,36.48,37.01,36.2,36.95,980327
3942,2022-04-18,37.02,37.27,36.31,36.88,919075
3943,2022-04-19,37.03,38.86,36.72,38.54,1030260
3944,2022-04-20,38.88,39.49,38.375,38.54,836282
3945,2022-04-21,39.1,39.1,37.66,37.89,1232128
3946,2022-04-22,37.45,37.5,34.78,34.9,1252428
3947,2022-04-25,34.75,35.3332,33.73,35.32,1038127
3948,2022-04-26,34.87,35.1,33.31,33.32,1040741
3949,2022-04-27,33.49,33.85,32.32,32.52,1095174
3950,2022-04-28,32.93,33.48,32.32,32.96,841384
3951,2022-04-29,32.51,32.89,30.82,30.9,774924
3952,2022-05-02,31.16,32.65,30.63,32.6,970483
3953,2022-05-03,32.08,33.03,31.69,32.47,677763
3954,2022-05-04,32.54,33.239,31.55,33.01,613510
3955,2022-05-05,32.26,32.645,30.445,31.63,926112
3956,2022-05-06,31.25,31.3,29.73,30.99,1207427
3957,2022-05-09,30.5,34.69,30.47,34.24,1734677
3958,2022-05-10,33.53,34.49,31.815,32.43,1373026
3959,2022-05-11,32.5,32.99,30.45,30.97,960586
3960,2022-05-12,31.01,33.58,30.89,33.39,1234775
3961,2022-05-13,33.58,34.26,33.1,33.5,746266
3962,2022-05-16,33.5,34.03,32.55,32.64,756428
3963,2022-05-17,32.46,33.39,32.17,32.86,1144897
3964,2022-05-18,30.06,30.07,27.48,29.0,3058527
3965,2022-05-19,28.8,30.15,27.8,29.31,1477531
3966,2022-05-20,29.0,29.28,26.62,27.54,1784166
3967,2022-05-23,28.02,28.3,26.66,27.09,1428959
3968,2022-05-24,25.42,26.33,24.87,26.23,1631494
3969,2022-05-25,25.91,30.38,25.79,29.93,2228155
3970,2022-05-26,31.38,32.25,30.16,30.65,3199681
3971,2022-05-27,26.4,28.89,25.6,26.94,10168690
3972,2022-05-31,26.61,26.61,24.11,24.49,4796250
3973,2022-06-01,24.455,25.0899,22.56,22.63,3044205
3974,2022-06-02,22.32,23.8,22.2612,23.77,2032511
3975,2022-06-03,23.5,24.49,23.49,23.91,1514468
3976,2022-06-06,23.81,23.9,22.65,23.81,1581233
3977,2022-06-07,23.18,24.325,22.6,24.2,1545953
3978,2022-06-08,24.5,25.64,24.0001,24.97,1885007
3979,2022-06-09,24.19,25.2,23.959,24.78,1295827
3980,2022-06-10,24.02,24.38,23.2,23.7,1419743
3981,2022-06-13,23.01,23.87,22.55,23.17,2062404
3982,2022-06-14,23.21,23.94,22.555,22.78,1512996
3983,2022-06-15,23.16,23.7,22.35,22.68,1360473
3984,2022-06-16,22.08,22.094,20.76,21.62,1746723
3985,2022-06-17,21.74,21.83,20.41,21.42,2802252
3986,2022-06-21,21.89,22.2,21.01,21.08,1437453
3987,2022-06-22,21.04,21.44,20.76,21.18,1043523
3988,2022-06-23,21.36,21.71,20.7905,21.66,899873
3989,2022-06-24,22.11,23.31,22.01,23.18,1568380
3990,2022-06-27,22.96,23.31,22.29,22.6,846042
3991,2022-06-28,22.59,23.005,22.23,22.27,1060893
3992,2022-06-29,22.03,22.19,20.94,21.67,1094798
3993,2022-06-30,21.64,21.75,20.75,20.97,876714
3994,2022-07-01,21.01,21.11,20.12,20.42,1118725
3995,2022-07-05,20.14,21.01,20.095,20.94,1137280
3996,2022-07-06,20.87,21.17,19.77,20.08,988342
3997,2022-07-07,20.18,21.45,20.12,21.4,741883
3998,2022-07-08,21.4,23.03,21.3852,22.89,1407808
3999,2022-07-11,22.68,23.14,22.45,22.98,1041842
4000,2022-07-12,23.15,23.65,22.8,23.03,855351
4001,2022-07-13,22.65,23.18,22.37,22.85,779851
4002,2022-07-14,22.29,22.54,21.911,21.96,891191
4003,2022-07-15,22.58,22.855,22.05,22.18,688607
4004,2022-07-18,22.36,23.29,22.23,22.31,866234
4005,2022-07-19,22.54,23.28,22.39,22.54,930300
4006,2022-07-20,22.35,22.85,21.725,22.6,809173
4007,2022-07-21,22.4,22.42,21.01,21.78,925516
4008,2022-07-22,21.9,22.63,21.16,21.43,979496
4009,2022-07-25,21.48,21.48,20.46,20.69,871502
4010,2022-07-26,20.12,20.12,18.55,18.6,1802887
4011,2022-07-27,18.77,19.52,18.16,19.51,1242393
4012,2022-07-28,19.3,19.69,18.46,19.67,1193159
4013,2022-07-29,19.87,20.32,19.22,20.19,897691
4014,2022-08-01,20.16,21.47,19.7212,20.96,1028084
4015,2022-08-02,20.73,20.98,20.41,20.51,636008
4016,2022-08-03,20.68,21.49,20.68,21.06,600165
4017,2022-08-04,21.2,21.52,20.6,20.7,883248
4018,2022-08-05,20.64,21.76,20.09,21.74,925623
4019,2022-08-08,22.14,24.9599,22.11,23.38,1930190
4020,2022-08-09,22.95,23.07,21.75,21.84,869873
4021,2022-08-10,22.76,23.49,22.42,22.45,824983
4022,2022-08-11,22.97,24.14,22.91,23.15,963070
4023,2022-08-12,23.43,23.86,23.0686,23.68,575603
4024,2022-08-15,23.5,24.93,23.3,24.93,1090308
4025,2022-08-16,25.23,29.25,24.26,27.31,3411713
4026,2022-08-17,26.5,27.4604,25.55,26.39,1219103
4027,2022-08-18,26.07,26.35,25.44,26.3,774975
4028,2022-08-19,25.88,25.88,23.88,24.04,1243864
4029,2022-08-22,23.88,24.59,23.495,23.7,1021546
4030,2022-08-23,23.87,24.3,23.53,23.71,656107
4031,2022-08-24,23.0,23.43,22.41,22.84,887075
4032,2022-08-25,22.16,23.69,22.02,23.36,889145
4033,2022-08-26,23.22,23.47,21.61,22.02,1000534
4034,2022-08-29,21.86,22.19,21.42,21.55,1812893
4035,2022-08-30,23.45,24.3499,22.34,24.08,6104901
4036,2022-08-31,23.71,23.87,20.39,20.57,3302755
4037,2022-09-01,20.25,21.5309,20.1,21.48,1791375
4038,2022-09-02,21.77,22.01,20.8976,21.39,766688
4039,2022-09-06,21.57,21.9,20.93,21.28,1443008
4040,2022-09-07,21.26,22.9,21.26,22.76,1255890
4041,2022-09-08,22.19,22.205,21.22,21.96,1104604
4042,2022-09-09,22.26,23.1,22.26,22.96,823087
4043,2022-09-12,23.24,24.09,23.09,23.55,1031540
4044,2022-09-13,22.69,22.8,20.795,20.86,1051144
4045,2022-09-14,20.89,21.0,20.248,20.94,1023938
4046,2022-09-15,20.72,21.552,20.13,20.48,1129310
4047,2022-09-16,20.08,20.42,19.88,20.14,1524568
4048,2022-09-19,19.82,20.36,19.67,19.88,1277881
4049,2022-09-20,19.7,19.755,18.6401,18.67,1003365
4050,2022-09-21,18.79,19.48,18.52,18.52,1015794
4051,2022-09-22,18.53,18.57,17.86,18.37,948787
4052,2022-09-23,18.07,18.71,17.93,18.68,1349100
4053,2022-09-26,18.62,19.55,18.43,18.45,1543116
4054,2022-09-27,18.77,19.21,18.01,18.18,696442
4055,2022-09-28,18.18,18.75,18.01,18.06,889423
4056,2022-09-29,18.07,18.07,15.745,16.31,1441058
4057,2022-09-30,15.98,16.52,15.52,15.61,1135215
4058,2022-10-03,15.83,16.91,15.19,16.69,1408222
4059,2022-10-04,17.07,18.09,17.07,18.07,1327424
4060,2022-10-05,17.72,18.22,17.29,17.75,1053500
4061,2022-10-06,17.65,17.97,17.15,17.45,1065391
4062,2022-10-07,17.15,17.3302,16.57,17.23,645459
4063,2022-10-10,17.48,17.96,16.93,17.32,823748
4064,2022-10-11,17.45,18.73,17.315,17.72,982555
4065,2022-10-12,17.7,18.17,17.36,17.87,636578
4066,2022-10-13,17.28,18.03,16.81,17.52,722528
4067,2022-10-14,17.67,18.0,16.27,16.33,839059
4068,2022-10-17,16.87,17.445,16.71,17.09,819407
4069,2022-10-18,17.7,18.222,17.35,17.87,730754
4070,2022-10-19,17.5,17.5,15.38,16.53,1665445
4071,2022-10-20,16.51,16.78,15.68,15.98,826083
4072,2022-10-21,15.83,16.03,15.23,15.98,879548
4073,2022-10-24,15.97,15.97,15.16,15.29,1361877
4074,2022-10-25,15.48,16.9,15.48,16.59,978289
4075,2022-10-26,16.57,17.1957,16.23,16.6,886811
4076,2022-10-27,17.04,18.07,16.895,17.46,1363298
4077,2022-10-28,17.28,18.33,17.28,18.11,883371
4078,2022-10-31,18.1,19.19,17.88,18.87,938867
4079,2022-11-01,19.21,19.53,18.81,19.16,671975
4080,2022-11-02,19.11,19.64,18.51,18.56,1077251
4081,2022-11-03,18.59,18.7,17.54,17.59,979809
4082,2022-11-04,17.89,18.32,17.03,17.6,717077
4083,2022-11-07,17.85,17.94,17.23,17.86,590162
4084,2022-11-08,18.24,18.6,17.57,17.88,649807
4085,2022-11-09,17.79,17.79,16.59,16.63,886558
4086,2022-11-10,17.37,20.04,17.37,19.04,1487316
4087,2022-11-11,19.0,19.88,18.86,19.4,690480
4088,2022-11-14,19.12,19.54,18.5,19.23,695305
4089,2022-11-15,20.06,20.91,19.84,20.18,647196
4090,2022-11-16,18.75,19.26,17.5,17.82,1250145
4091,2022-11-17,17.68,18.0,17.0348,17.97,1118030
4092,2022-11-18,18.39,18.73,17.65,18.05,771518
4093,2022-11-21,18.05,18.05,17.24,17.82,826139
4094,2022-11-22,17.98,19.42,17.91,19.2,985855
4095,2022-11-23,19.09,20.04,19.03,19.82,1023099
4096,2022-11-25,19.77,19.77,19.0,19.04,449635
4097,2022-11-28,18.82,19.18,18.25,18.57,848508
4098,2022-11-29,18.42,19.32,17.9,19.22,1392747
4099,2022-11-30,19.13,19.91,18.79,19.5,2083018
4100,2022-12-01,17.15,18.43,16.6104,17.83,3610776
4101,2022-12-02,17.508,18.39,16.75,18.19,2108558
4102,2022-12-05,18.02,18.41,17.39,17.5,1497921
4103,2022-12-06,17.24,17.31,16.62,17.16,1395349
4104,2022-12-07,17.03,17.27,16.66,17.11,970631
4105,2022-12-08,17.14,17.63,16.75,17.6,1012615
4106,2022-12-09,17.35,17.7,16.6,16.6,1454899
4107,2022-12-12,16.68,16.99,16.28,16.82,973429
4108,2022-12-13,17.12,17.47,15.94,16.5,1422146
4109,2022-12-14,16.5,16.91,16.0774,16.31,772696
4110,2022-12-15,16.02,17.02,15.77,16.99,1316088
4111,2022-12-16,16.79,16.99,15.74,15.86,1942329
4112,2022-12-19,15.72,16.0,14.27,14.45,1379581
4113,2022-12-20,14.16,14.43,13.58,14.23,1289167
4114,2022-12-21,14.59,14.78,13.7,13.72,1296390
4115,2022-12-22,13.5,13.8,12.87,13.64,1405634
4116,2022-12-23,13.51,14.66,13.43,14.56,1093218
4117,2022-12-27,14.59,15.045,14.39,14.94,1149738
4118,2022-12-28,14.91,15.425,14.28,14.29,1124831
4119,2022-12-29,14.41,14.73,14.1601,14.67,1015610
4120,2022-12-30,14.48,14.9,14.405,14.7,890705
4121,2023-01-03,14.96,15.215,14.59,14.86,764914
4122,2023-01-04,15.08,16.05,14.89,15.71,982106
4123,2023-01-05,15.28,16.05,15.14,16.04,898513
4124,2023-01-06,16.44,17.185,16.05,16.89,1332364
4125,2023-01-09,16.98,17.7,16.5,17.64,1336049
4126,2023-01-10,17.61,18.47,17.18,18.46,1016409
4127,2023-01-11,18.61,19.09,18.52,18.97,1107250
4128,2023-01-12,19.24,19.335,18.62,19.31,1000270
4129,2023-01-13,19.2,19.54,18.06,18.18,907788
4130,2023-01-17,18.24,18.32,17.29,17.42,896414
4131,2023-01-18,17.56,18.34,17.08,17.1,1065131
4132,2023-01-19,16.79,17.01,16.37,16.64,717141
4133,2023-01-20,16.52,17.27,16.3,17.03,806970
4134,2023-01-23,17.2,17.356,16.88,17.14,725980
4135,2023-01-24,16.67,17.18,16.14,16.22,859445
4136,2023-01-25,15.89,16.8,15.54,16.73,775888
4137,2023-01-26,16.87,17.24,16.05,16.27,752342
4138,2023-01-27,16.24,16.93,16.21,16.86,724584
4139,2023-01-30,16.66,16.75,15.73,15.76,1029603
4140,2023-01-31,15.83,16.45,15.83,16.36,1254966
4141,2023-02-01,16.33,17.51,16.1,17.41,1287607
4142,2023-02-02,17.75,19.97,17.68,18.56,2140766
4143,2023-02-03,18.13,18.54,17.41,17.43,883838
4144,2023-02-06,17.14,17.68,16.885,17.53,843184
4145,2023-02-07,17.36,17.79,16.92,17.47,983036
4146,2023-02-08,17.38,17.56,17.03,17.04,878488
4147,2023-02-09,17.28,17.45,16.16,16.37,1067494
4148,2023-02-10,16.26,16.52,15.93,16.38,950275
4149,2023-02-13,16.44,17.14,16.13,16.91,753698
4150,2023-02-14,16.71,16.77,15.92,16.6,1196188
4151,2023-02-15,16.53,17.09,16.3,17.09,1088358
4152,2023-02-16,16.82,17.4388,16.73,16.89,992590
4153,2023-02-17,16.94,16.965,16.19,16.75,1112889
4154,2023-02-21,16.65,16.92,15.78,15.81,1646682
4155,2023-02-22,15.8,16.345,15.64,15.78,929758
4156,2023-02-23,15.9,15.9,14.59,14.93,1061202
4157,2023-02-24,14.54,15.0,14.4,14.89,1091756
4158,2023-02-27,15.13,15.28,14.3,14.47,1516439
4159,2023-02-28,14.36,14.8399,14.28,14.35,1776999
4160,2023-03-01,14.28,14.45,13.42,13.73,2562096
4161,2023-03-02,14.08,15.9806,13.865,14.51,4453013
4162,2023-03-03,14.5,15.125,14.21,14.98,1769516
4163,2023-03-06,14.96,14.99,14.185,14.41,1410901
4164,2023-03-07,14.5,14.67,14.1,14.28,1010803
4165,2023-03-08,14.32,14.71,14.125,14.6,1225150
4166,2023-03-09,14.64,14.98,13.98,14.05,1381860
4167,2023-03-10,14.04,14.07,13.46,13.76,1243340
4168,2023-03-13,13.33,13.77,12.9,13.73,2095010
4169,2023-03-14,14.11,14.26,13.26,13.45,1039356
4170,2023-03-15,13.075,13.78,13.03,13.22,1755770
4171,2023-03-16,12.84,13.07,12.495,12.82,1642497
4172,2023-03-17,12.69,12.69,11.81,12.15,2947644
4173,2023-03-20,12.17,12.5,11.08,11.42,2509563
4174,2023-03-21,11.53,11.875,11.07,11.09,1454473
4175,2023-03-22,11.15,11.46,10.51,10.52,1498738
4176,2023-03-23,10.54,10.71,9.92,10.04,1822385
4177,2023-03-24,9.95,10.35,9.78,10.26,1114278
4178,2023-03-27,10.31,10.38,9.9001,10.33,1481876
4179,2023-03-28,10.31,10.62,10.16,10.5,1009259
4180,2023-03-29,10.66,10.742,10.05,10.31,1506778
4181,2023-03-30,10.49,10.61,10.3,10.37,984052
4182,2023-03-31,10.44,10.97,10.3764,10.96,1083307
4183,2023-04-03,10.9,11.275,10.78,11.22,1554130
4184,2023-04-04,11.32,11.52,11.02,11.5,1242623
4185,2023-04-05,11.4,11.4,10.67,10.8,1244239
4186,2023-04-06,10.76,10.81,10.5,10.73,1129839
4187,2023-04-10,10.67,11.43,10.62,11.35,1600573
4188,2023-04-11,11.47,12.27,11.41,12.0,1460749
4189,2023-04-12,12.15,12.21,10.92,10.96,1687735
4190,2023-04-13,11.0,11.255,10.83,11.0,1658417
4191,2023-04-14,11.1,11.55,10.25,10.44,1353120
4192,2023-04-17,10.47,10.6,10.04,10.3,1231426
4193,2023-04-18,10.24,10.31,9.81,10.12,1562600
4194,2023-04-19,9.95,9.98,9.595,9.94,1663326
4195,2023-04-20,9.76,10.3,9.69,9.73,1345870
4196,2023-04-21,9.0,9.05,8.275,8.43,4259568
4197,2023-04-24,8.46,9.345,8.46,9.3,2368848
4198,2023-04-25,9.24,9.24,8.55,8.55,1621940
4199,2023-04-26,8.61,8.81,8.45,8.5,1365069
4200,2023-04-27,8.52,9.28,8.52,8.8,1518671
4201,2023-04-28,8.78,9.13,8.78,8.99,1065075
4202,2023-05-01,8.95,8.9969,8.63,8.74,1289851
4203,2023-05-02,8.74,8.79,8.135,8.39,2131534
4204,2023-05-03,8.39,8.91,8.39,8.6,1069692
4205,2023-05-04,8.49,8.61,8.27,8.56,854413
4206,2023-05-05,8.78,9.11,8.76,8.97,967109
4207,2023-05-08,9.03,9.04,8.53,8.7,1038922
4208,2023-05-09,8.53,8.86,8.35,8.83,981737
4209,2023-05-10,9.0,9.12,8.45,8.68,904785
4210,2023-05-11,8.66,8.76,8.42,8.43,780876
4211,2023-05-12,8.4,8.47,8.11,8.3,1331665
4212,2023-05-15,8.35,8.41,8.07,8.09,1844764
4213,2023-05-16,8.05,8.09,7.615,7.72,1689053
4214,2023-05-17,7.72,8.44,7.61,8.41,2319986
4215,2023-05-18,8.3,8.4207,7.94,8.05,1432326
4216,2023-05-19,8.0,8.14,7.83,7.88,1954326
4217,2023-05-22,7.83,8.045,7.66,7.92,1346574
4218,2023-05-23,7.8,8.06,7.62,7.69,1712396
4219,2023-05-24,7.86,8.16,7.5,7.63,1445653
4220,2023-05-25,7.63,7.6866,7.12,7.21,2356169
4221,2023-05-26,5.87,6.62,5.67,6.25,6489965
4222,2023-05-30,6.3,6.33,5.2,5.4,6068896
4223,2023-05-31,5.39,5.39,4.78,5.02,5539249
4224,2023-06-01,4.96,5.13,4.82,4.87,3809621
4225,2023-06-02,5.43,6.21,5.36,6.07,5915359
4226,2023-06-05,5.94,6.33,5.895,5.9,3325415
4227,2023-06-06,6.01,8.02,6.01,7.48,10799572
4228,2023-06-07,7.54,7.89,7.19,7.56,3347965
4229,2023-06-08,7.53,7.54,6.6,7.06,3136297
4230,2023-06-09,7.19,7.46,6.605,6.65,2303876
4231,2023-06-12,6.63,6.8,6.4015,6.76,1540687
4232,2023-06-13,6.97,8.185,6.7686,7.93,6075571
4233,2023-06-14,7.85,7.85,7.32,7.53,3179284
4234,2023-06-15,7.73,8.68,7.56,8.48,4420752
4235,2023-06-16,8.52,8.52,7.48,7.58,10650886
4236,2023-06-20,7.48,7.49,6.87,7.2,2895118
4237,2023-06-21,7.15,8.115,7.0,7.9,3578593
4238,2023-06-22,7.925,7.98,7.49,7.78,1807602
4239,2023-06-23,7.79,8.59,7.73,8.59,4109069
4240,2023-06-26,8.54,8.98,8.3,8.72,2376482
4241,2023-06-27,8.7,9.31,8.45,9.15,2398769
4242,2023-06-28,9.1,9.125,8.305,8.59,1845471
4243,2023-06-29,8.6,8.775,8.225,8.76,1940853
4244,2023-06-30,8.8,9.03,8.61,8.83,1792064
4245,2023-07-03,8.82,9.16,8.79,9.09,968668
4246,2023-07-05,9.62,9.62,8.36,9.35,2925227
4247,2023-07-06,9.12,9.17,8.63,9.06,1410523
4248,2023-07-07,9.06,9.6106,9.06,9.36,1548731
4249,2023-07-10,9.36,10.02,9.18,9.94,2018989
4250,2023-07-11,10.07,10.41,9.64,9.8,1951423
4251,2023-07-12,10.07,10.15,9.475,9.71,1711786
4252,2023-07-13,9.63,9.68,9.03,9.05,2396005
4253,2023-07-14,9.07,9.19,8.5512,8.71,1412769
4254,2023-07-17,8.5,8.63,8.27,8.37,926689
4255,2023-07-18,8.25,9.11,8.22,8.86,1485915
4256,2023-07-19,9.01,9.605,8.94,9.31,1555585
4257,2023-07-20,9.42,9.498,9.18,9.33,913264
4258,2023-07-21,9.47,9.5,8.83,8.9,1120977
4259,2023-07-24,8.95,9.51,8.95,9.48,1318248
4260,2023-07-25,9.49,9.73,9.3838,9.45,943464
4261,2023-07-26,9.37,10.26,9.33,10.19,1512919
4262,2023-07-27,10.3,10.92,9.97,10.1,1545098
4263,2023-07-28,10.2,10.4801,10.07,10.35,809332
4264,2023-07-31,10.49,11.06,10.24,10.25,1220844
4265,2023-08-01,10.09,10.11,9.61,9.88,952440
4266,2023-08-02,9.83,9.8663,9.1994,9.38,1537118
4267,2023-08-03,9.3,10.0,9.295,9.69,1070623
4268,2023-08-04,9.65,10.1999,9.63,9.91,806307
4269,2023-08-07,10.02,10.11,9.72,9.75,724991
4270,2023-08-08,9.62,9.65,9.13,9.15,1262502
4271,2023-08-09,9.1,9.31,8.94,8.95,749475
4272,2023-08-10,9.05,9.28,8.671,8.74,698902
4273,2023-08-11,8.66,8.72,8.39,8.5,780333
4274,2023-08-14,8.5,8.53,8.02,8.51,1043584
4275,2023-08-15,8.44,8.96,8.04,8.48,2990399
4276,2023-08-16,8.48,8.7,8.05,8.05,941670
4277,2023-08-17,8.14,8.355,7.42,7.47,1452111
4278,2023-08-18,7.34,7.65,7.22,7.32,1689990
4279,2023-08-21,7.29,7.61,6.75,6.75,1471580
4280,2023-08-22,6.73,6.81,6.17,6.56,2083184
4281,2023-08-23,6.49,6.63,6.27,6.42,1393949
4282,2023-08-24,6.42,6.525,6.015,6.1,1145789
4283,2023-08-25,6.15,6.28,6.05,6.13,818796
4284,2023-08-28,6.16,6.35,6.075,6.28,1329570
4285,2023-08-29,7.51,8.3988,7.05,7.96,15654076
4286,2023-08-30,7.78,8.12,6.915,6.95,2798950
4287,2023-08-31,6.9,7.11,6.13,6.2,2692174
4288,2023-09-01,6.22,6.535,6.215,6.4,1372159
4289,2023-09-05,6.28,6.39,5.99,5.99,1837565
4290,2023-09-06,5.94,6.23,5.925,6.1,1519412
4291,2023-09-07,6.0,6.08,5.84,5.93,1958846
4292,2023-09-08,5.9,5.95,5.585,5.64,1661203
4293,2023-09-11,5.62,6.07,5.6,5.89,1491227
4294,2023-09-12,5.88,6.15,5.71,5.75,1140523
4295,2023-09-13,5.72,5.88,5.45,5.51,1903658
4296,2023-09-14,5.57,5.69,5.4,5.44,1377233
4297,2023-09-15,5.37,5.53,5.275,5.35,1731609
4298,2023-09-18,5.32,5.485,5.17,5.24,1707471
4299,2023-09-19,5.22,5.2878,5.03,5.17,1417815
4300,2023-09-20,5.22,5.46,5.16,5.21,1050230
4301,2023-09-21,5.11,5.23,5.0,5.04,1452837
4302,2023-09-22,5.1,5.19,4.88,4.93,999778
4303,2023-09-25,4.88,4.92,4.755,4.83,1242111
4304,2023-09-26,4.74,4.85,4.54,4.54,1904588
4305,2023-09-27,4.63,4.79,4.3857,4.52,1548874
4306,2023-09-28,4.5,5.02,4.465,4.84,2231539
4307,2023-09-29,4.95,5.22,4.95,5.11,2154515
4308,2023-10-02,5.1,5.18,4.62,4.71,2114140
4309,2023-10-03,4.67,4.725,4.31,4.36,2505956
4310,2023-10-04,4.34,4.54,4.05,4.15,2349235
4311,2023-10-05,4.13,4.1823,3.9,3.98,1724272
4312,2023-10-06,3.89,4.23,3.7313,4.13,1668746
4313,2023-10-09,4.06,4.32,4.0,4.28,1139564
4314,2023-10-10,4.305,4.865,4.285,4.74,1635886
4315,2023-10-11,4.73,4.84,4.45,4.52,1313355
4316,2023-10-12,4.57,4.57,4.05,4.15,1411641
4317,2023-10-13,4.16,4.48,4.02,4.35,934840
4318,2023-10-16,4.44,4.75,4.31,4.66,1590287
4319,2023-10-17,4.65,5.06,4.64,4.77,1679435
4320,2023-10-18,4.7,4.99,4.6641,4.9,1550365
4321,2023-10-19,4.77,4.86,4.595,4.7,1370818
4322,2023-10-20,4.67,5.0006,4.56,4.85,1414437
4323,2023-10-23,4.74,4.95,4.4122,4.44,1316807
4324,2023-10-24,4.52,4.79,4.325,4.36,1402313
4325,2023-10-25,4.35,4.52,4.32,4.4,1193530
4326,2023-10-26,4.32,4.46,4.17,4.43,741059
4327,2023-10-27,4.51,4.65,4.25,4.3,742055
4328,2023-10-30,4.36,4.53,4.23,4.44,794170
4329,2023-10-31,4.45,4.63,4.36,4.56,700664
4330,2023-11-01,4.57,4.6,4.25,4.36,934667
4331,2023-11-02,4.45,4.78,4.45,4.67,1290943
4332,2023-11-03,4.79,5.09,4.75,4.8,1290787
4333,2023-11-06,4.82,4.86,4.475,4.54,819061
4334,2023-11-07,4.49,4.6,4.24,4.35,1086947
4335,2023-11-08,4.35,4.3515,4.155,4.21,979433
4336,2023-11-09,4.23,4.26,3.68,3.76,1942578
4337,2023-11-10,3.8,3.8,3.47,3.73,1641635
4338,2023-11-13,3.71,3.71,3.51,3.59,1077844
4339,2023-11-14,3.82,4.159,3.695,3.98,2365971
4340,2023-11-15,4.1,4.57,4.0989,4.29,1937069
4341,2023-11-16,4.25,4.26,3.97,4.06,948348
4342,2023-11-17,4.15,4.2301,4.04,4.16,1189564
4343,2023-11-20,4.12,4.245,4.015,4.07,826380
4344,2023-11-21,4.04,4.07,3.81,3.93,1125273
4345,2023-11-22,3.93,4.078,3.91,4.03,673243
4346,2023-11-24,4.05,4.2,3.935,4.14,586417
4347,2023-11-27,4.21,4.28,4.0,4.14,1095280
4348,2023-11-28,4.08,4.38,3.94,4.36,1581825
4349,2023-11-29,4.36,4.9385,4.36,4.8,2667446
4350,2023-11-30,5.27,5.94,4.94,5.27,6978174
4351,2023-12-01,5.1,6.44,5.0,6.38,5382692
4352,2023-12-04,6.25,6.63,5.93,5.94,2524335
4353,2023-12-05,5.82,5.92,5.445,5.61,1984745
4354,2023-12-06,5.82,6.03,5.61,5.86,2082482
4355,2023-12-07,5.94,6.29,5.7,6.26,2056714
4356,2023-12-08,6.21,6.59,6.06,6.11,1711126
4357,2023-12-11,6.13,6.63,6.1,6.4,1373229
4358,2023-12-12,6.38,6.58,6.115,6.38,1358445
4359,2023-12-13,6.38,7.175,6.16,7.08,1852980
4360,2023-12-14,7.39,7.785,7.19,7.62,2305009
4361,2023-12-15,7.69,7.76,6.8001,7.02,2509877
4362,2023-12-18,7.0,7.17,6.85,6.98,918727
4363,2023-12-19,7.02,7.3879,6.97,7.16,1122256
4364,2023-12-20,7.13,7.56,6.94,7.0,1329648
4365,2023-12-21,7.16,7.22,6.882,6.93,1068987
4366,2023-12-22,6.89,7.06,6.55,6.88,1110920
4367,2023-12-26,6.93,7.83,6.91,7.71,1514821
4368,2023-12-27,7.71,8.4099,7.71,8.1,1983929
4369,2023-12-28,8.0,8.15,7.84,8.0,1121855
4370,2023-12-29,7.98,8.16,7.68,7.79,1280112
4371,2024-01-02,7.62,8.29,7.42,7.99,1295429
4372,2024-01-03,7.79,7.86,7.285,7.44,1572239
4373,2024-01-04,7.37,7.48,7.06,7.33,1092134
4374,2024-01-05,7.1,7.82,7.08,7.27,955108
4375,2024-01-08,7.15,7.585,7.145,7.44,745201
4376,2024-01-09,7.3,7.4,7.12,7.17,734704
4377,2024-01-10,7.14,7.26,6.945,7.0,911286
4378,2024-01-11,6.92,6.93,6.57,6.67,901122
4379,2024-01-12,6.74,6.9003,6.35,6.38,829870
4380,2024-01-16,6.26,6.506,6.14,6.49,814359
4381,2024-01-17,6.28,6.7075,6.2405,6.68,845845
4382,2024-01-18,6.74,6.75,6.34,6.6,680044
4383,2024-01-19,6.67,6.67,6.12,6.13,1245609
4384,2024-01-22,6.18,6.61,5.94,6.28,1597359
4385,2024-01-23,6.47,6.67,6.3,6.48,544435
4386,2024-01-24,6.7,6.855,6.5572,6.7,801811
4387,2024-01-25,6.83,6.99,6.275,6.47,865914
4388,2024-01-26,6.47,6.57,5.97,6.11,1078085
4389,2024-01-29,6.09,6.27,5.95,6.1,807303
4390,2024-01-30,6.04,6.125,5.84,6.05,706693
4391,2024-01-31,6.04,6.26,5.7099,5.74,976126
4392,2024-02-01,5.92,5.98,5.585,5.91,842909
4393,2024-02-02,5.78,5.9,5.56,5.82,789622
4394,2024-02-05,5.66,5.66,5.4,5.42,600485
4395,2024-02-06,5.4,5.58,5.21,5.52,636514
4396,2024-02-07,5.56,5.59,5.3,5.41,512034
4397,2024-02-08,5.37,5.645,5.31,5.57,576110
4398,2024-02-09,5.56,5.845,5.24,5.36,1957921
4399,2024-02-12,4.25,4.3,3.63,3.86,10140434
4400,2024-02-13,3.71,3.85,3.52,3.61,3776728
4401,2024-02-14,3.68,3.87,3.49,3.78,2677529
4402,2024-02-15,3.83,5.07,3.83,4.43,5781922
4403,2024-02-16,4.37,4.66,4.3,4.62,1958882
4404,2024-02-20,4.51,4.54,4.25,4.29,1181574
4405,2024-02-21,4.27,4.27,4.0302,4.06,893236
4406,2024-02-22,4.06,4.26,3.84,4.07,1534610
4407,2024-02-23,4.1,4.485,3.95,4.36,1424441
4408,2024-02-26,4.43,4.61,4.29,4.42,1181948
4409,2024-02-27,4.49,5.32,4.45,5.28,2196857
4410,2024-02-28,5.25,5.545,5.201,5.37,1514286
4411,2024-02-29,5.52,5.8,5.32,5.42,1456794
4412,2024-03-01,5.48,5.66,5.21,5.44,1712898
4413,2024-03-04,5.5,5.545,5.11,5.24,1342509
4414,2024-03-05,5.23,5.44,5.06,5.17,1213662
4415,2024-03-06,5.19,5.37,4.93,5.03,1876786
4416,2024-03-07,4.94,5.6201,4.5,5.23,3176953
4417,2024-03-08,5.26,5.3,4.29,4.42,2792313
4418,2024-03-11,4.41,4.5945,4.08,4.12,1605504
4419,2024-03-12,4.09,4.15,3.96,3.99,1577179
4420,2024-03-13,3.9,4.25,3.9,3.99,1279170
4421,2024-03-14,3.99,4.0,3.65,3.75,1405561
4422,2024-03-15,3.73,3.9439,3.7,3.78,1536635
4423,2024-03-18,3.78,3.82,3.6,3.62,835832
4424,2024-03-19,3.6,3.77,3.6,3.66,1315828
4425,2024-03-20,3.66,4.1,3.62,4.09,1435930
4426,2024-03-21,3.94,4.17,3.9,4.02,1535759
4427,2024-03-22,4.07,4.1,3.75,3.77,950341
4428,2024-03-25,3.83,4.035,3.83,3.9,975672
4429,2024-03-26,3.95,3.995,3.65,3.65,1026161
4430,2024-03-27,3.7,4.13,3.7,4.12,1465592
4431,2024-03-28,4.13,4.385,4.13,4.33,1296340
4432,2024-04-01,4.4,4.595,4.29,4.37,1448503
4433,2024-04-02,4.25,4.25,4.0575,4.07,833271
4434,2024-04-03,4.05,4.055,3.88,3.95,1033126
4435,2024-04-04,4.02,4.0522,3.64,3.65,1353623
4436,2024-04-05,3.62,3.81,3.6,3.77,1046808
4437,2024-04-08,3.81,3.9997,3.81,3.87,689079
4438,2024-04-09,3.88,3.99,3.73,3.77,910307
4439,2024-04-10,3.66,3.82,3.57,3.81,1211898
4440,2024-04-11,3.82,3.91,3.645,3.65,982272
4441,2024-04-12,3.65,3.65,3.42,3.45,1779701
4442,2024-04-15,3.48,3.5,3.22,3.22,1315906
4443,2024-04-16,3.2,3.57,3.13,3.49,1463281
4444,2024-04-17,3.49,3.66,3.41,3.43,855750
4445,2024-04-18,3.45,3.72,3.4379,3.66,865569
4446,2024-04-19,3.64,3.765,3.6,3.7,906976
4447,2024-04-22,3.7,3.74,3.555,3.64,712175
4448,2024-04-23,3.63,3.76,3.41,3.43,985072
4449,2024-04-24,3.42,3.51,3.35,3.41,592539
4450,2024-04-25,3.38,3.48,3.28,3.47,675200
4451,2024-04-26,3.47,3.57,3.38,3.47,596872
4452,2024-04-29,3.5,3.755,3.48,3.56,1037868
4453,2024-04-30,3.48,3.56,3.42,3.52,615579
4454,2024-05-01,3.51,3.7,3.435,3.48,862354
4455,2024-05-02,3.54,3.61,3.45,3.61,652633
4456,2024-05-03,3.65,3.83,3.51,3.59,963799
4457,2024-05-06,3.63,3.71,3.555,3.59,680527
4458,2024-05-07,3.6,3.715,3.55,3.57,642116
4459,2024-05-08,3.51,3.54,3.4,3.43,749537
4460,2024-05-09,3.44,3.68,3.4001,3.68,906128
4461,2024-05-10,3.67,3.8,3.465,3.56,811878
4462,2024-05-13,3.58,4.065,3.58,3.71,1829059
4463,2024-05-14,4.66,5.63,4.15,4.71,9928420
4464,2024-05-15,4.7,4.91,3.88,3.93,3314306
4465,2024-05-16,3.97,4.03,3.805,3.85,1343725
4466,2024-05-17,3.84,3.84,3.67,3.7,1390966
4467,2024-05-20,3.68,3.71,3.54,3.58,1380585
4468,2024-05-21,3.59,3.63,3.39,3.45,1429799
4469,2024-05-22,3.42,3.55,3.33,3.51,1126973
4470,2024-05-23,3.5,3.516,3.32,3.37,1018216
4471,2024-05-24,3.39,3.54,3.31,3.35,836666
4472,2024-05-28,3.39,3.46,3.28,3.33,1058278
4473,2024-05-29,3.29,3.43,3.24,3.33,707386
4474,2024-05-30,3.35,3.525,3.31,3.4,753541
4475,2024-05-31,3.45,3.53,3.355,3.48,909053
4476,2024-06-03,3.64,3.71,3.42,3.47,1003239
4477,2024-06-04,3.41,3.47,3.3,3.31,1021564
4478,2024-06-05,3.33,3.56,3.3,3.52,1294399
4479,2024-06-06,3.03,3.22,2.72,2.88,7193871
4480,2024-06-07,2.86,2.86,2.5901,2.66,2880434
4481,2024-06-10,2.66,2.66,2.29,2.3,3049110
4482,2024-06-11,2.33,2.33,2.19,2.26,1465859
4483,2024-06-12,2.37,2.59,2.36,2.38,2362935
4484,2024-06-13,2.4,2.43,2.28,2.33,1251795
4485,2024-06-14,2.29,2.3,2.06,2.07,2580310
4486,2024-06-17,2.09,2.1092,2.01,2.04,1821448
4487,2024-06-18,1.99,2.06,1.87,1.88,2947634
4488,2024-06-20,1.87,2.09,1.85,1.9,2677445
4489,2024-06-21,2.0,2.12,1.87,1.9,2350543
4490,2024-06-24,1.92,1.98,1.8,1.81,1767831
4491,2024-06-25,1.82,1.82,1.72,1.77,1477597
4492,2024-06-26,1.76,1.92,1.76,1.84,1572159
4493,2024-06-27,1.84,1.84,1.73,1.81,1433043
4494,2024-06-28,1.82,1.91,1.7101,1.73,4486998
4495,2024-07-01,1.76,1.77,1.65,1.68,1291097
4496,2024-07-02,1.7,1.7,1.51,1.61,2193983
4497,2024-07-03,1.63,1.78,1.6101,1.71,1539554
4498,2024-07-05,1.72,1.76,1.41,1.45,4942116
4499,2024-07-08,1.43,1.54,1.315,1.39,2662289
4500,2024-07-09,1.35,1.37,1.19,1.2,2446809
4501,2024-07-10,1.19,1.19,1.01,1.03,3871222
4502,2024-07-11,1.08,1.38,1.07,1.12,9965333
4503,2024-07-12,1.11,1.17,1.0,1.04,4136898
4504,2024-07-15,1.05,1.14,1.015,1.12,2321980
4505,2024-07-16,1.14,1.48,1.1318,1.4,6946373
4506,2024-07-17,1.39,1.4,1.22,1.23,2746186
4507,2024-07-18,1.23,1.33,1.12,1.13,1840963
4508,2024-07-19,1.14,1.2401,1.12,1.16,1243173
4509,2024-07-22,1.19,1.2091,1.08,1.09,1483437
4510,2024-07-23,1.1,1.11,1.03,1.05,1391975
4511,2024-07-24,1.05,1.13,1.02,1.05,1478181
4512,2024-07-25,1.04,1.145,1.04,1.09,1400957
4513,2024-07-26,1.13,1.17,1.065,1.08,1423083
4514,2024-07-29,1.09,1.1,1.02,1.04,967375
4515,2024-07-30,1.02,1.085,1.02,1.03,757917
4516,2024-07-31,1.03,1.11,1.02,1.02,1087447
4517,2024-08-01,1.08,1.08,1.0,1.02,1666009
4518,2024-08-02,1.0,1.0006,0.93,0.9667,2273603
4519,2024-08-05,0.8915,0.95375,0.8582,0.9015,1899294
4520,2024-08-06,0.92,0.9399,0.88,0.8907,732286
4521,2024-08-07,0.92,1.13,0.92,1.08,2902486
4522,2024-08-08,1.09,1.1,0.9703,1.03,1675947
4523,2024-08-09,1.04,1.05,0.96,0.9709,583546
4524,2024-08-12,0.95,0.9687,0.9102,0.9499,867528
4525,2024-08-13,0.9637,1.03,0.945,0.98,801009
4526,2024-08-14,0.9999,1.03,0.9502,0.9916,627108
4527,2024-08-15,1.03,1.08,1.01,1.07,723371
4528,2024-08-16,1.08,1.15,1.07,1.1,950694
4529,2024-08-19,1.07,1.1,1.0,1.02,1085750
4530,2024-08-20,1.01,1.09,1.0,1.07,1047986
4531,2024-08-21,1.08,1.15,1.06,1.12,1561364
4532,2024-08-22,1.13,1.13,1.03,1.06,993751
4533,2024-08-23,1.08,1.15,1.07,1.12,1029108
4534,2024-08-26,1.12,1.14,1.06,1.08,466011
4535,2024-08-27,1.07,1.0785,0.9792,0.9876,1670871
4536,2024-08-28,0.99,1.05,0.93,0.93,2039489
4537,2024-08-29,0.6225,0.76,0.55,0.5733,9291069
4538,2024-08-30,0.561,0.62,0.5111,0.5461,4437724
4539,2024-09-03,0.55,0.5957,0.52,0.5301,2044600
4540,2024-09-04,0.53,0.5757,0.51,0.511,1420292
4541,2024-09-05,0.5149,0.5195,0.402,0.4553,6179334
4542,2024-09-06,0.4604,0.5547,0.4158,0.4968,10887610
